00
276|790
780|296
573|536
746|272
574|276
250.02|242
403|250.4
377|707
250|530
496|E884
250|244
276|585
250.02|276
428|584
789|427
493|492
682|427
584|250
682|924
276|E924
571|305
250|496
424|428
250|272
250.81|707
599|41
496|574
998|998
411|250
427|V58
427|401
789|303
584|196
585|403
250.02|599
41|250
427|244
723|250
481|585
250|?
272|250
250|558
575|573
250.52|428
348|790
427|414
413|427
424|250
401|272
627|414
599|250
401|250
512|250
511|486
427|250.8
276|401
411|496
585|428
486|584
70|789
281|250
276|780
412|401
682|401
428|276
491|427
427|276
289|593
416|401
491|424
584|414
305|250
496|287
428|425
414|401
591|593
305|285
413|V45
680|41
250.01|401
427|496
807|250
486|250.02
707|250.42
491|411
536|535
493|427
599|401
726|726
428|496
435|425
427|562
414|414
496|289
250|401
496|428
707|403
272|278
295|799
276|808
493|428
427|428
585|276
250|414
425|276
571|70
414|250
280|218
413|250
425|250
571|789
403|496
250.02|305
197|V10
196|496
285|276
263|319
820|428
250.01|568
401|285
599|276
285|412
403|585
?|?
682|414
410|414
414|447
443|405
276|250
787|530
41|401
250.6|357
466|401
434|414
280|530
493|250
424|414
433|401
277|250.03
813|41
250.02|414
276|787
250|402
411|585
485|402
V43|E878
575|250
348|296
428|427
305|401
823|959
599|995
250|305
507|438
496|585
410|427
427|790
518|585
790|250
250|780
428|41
496|250
414|496
411|V45
285|455
303|250.01
276|263
585|427
584|599
276|496
403|250.02
411|998
427|424
562|250
428|424
70|276
94|403
584|585
518|785
250|420
595|401
707|682
492|250
162|493
276|493
493|786
428|599
786|285
491|250.6
250|278
924|E888
404|414
250.02|289
276|599
486|428
411|280
401|305
280|427
428|414
917|599
305|402
411|401
250.82|433
276|486
997|442
427|287
340|401
V43|250
788|783
780|278
292|304
478|780
276|627
785|585
482|585
585|584
780|427
401|244
511|V09
250.01|682
729|401
572|427
250.82|250.42
411|424
578|285
401|781
707|276
402|202
403|996
8|789
599|V10
E849|493
293|799
573|414
518|496
492|427
285|250
162|558
440|585
250.02|401
157|250
584|560
486|427
788|250
780|402
599|453
731|401
491|401
285|401
250|311
530|280
411|427
411|428
425|402
491|250.02
456|593
515|403
427|403
996|276
427|427
202|427
799|496
153|197
293|275
42|577
411|285
250|V45
599|427
V64|250
250.02|272
785|707
290|401
491|V46
780|250
577|340
250.6|780
585|250.51
411|250.01
486|276
790|707
162|198
518|250
707|414
41|V09
996|428
425|250.92
202|250.02
428|401
135|250
70|250
196|500
723|V42
434|342
411|412
578|564
428|428
162|263
458|427
491|682
682|428
411|272
428|250
401|278
496|487
444|511
278|780
486|799
724|V43
197|789
599|250.01
250|41
486|493
403|V45
486|414
305|496
240|250
486|162
416|424
403|797
272|401
424|427
250.01|413
511|250
427|250
532|401
411|250.8
518|486
518|250.5
396|457
461|250
250|518
493|401
552|998
786|250
491|414
611|250
682|496
414|412
599|496
403|780
496|244
424|397
425|401
787|783
276|403
244|V10
427|410
250.01|780
435|401
729|424
425|301
493|414
425|428
518|112
493|579
70|287
8|276
250.41|585
V42|403
276|285
38|482
496|414
250|285
V12|414
162|780
276|250.8
276|242
426|401
799|250.8
511|496
337|414
812|802
343|493
403|276
518|401
285|112
585|E947
733|414
428|593
295|411
574|428
428|403
458|401
285|244
481|250.6
427|250.02
276|276
560|736
53|250
730|707
250|412
620|616
555|250
E888|250.01
729|250
401|414
250.01|276
332|250.6
250.12|599
41|780
276|413
411|466
276|786
424|295
410|403
250|V12
511|585
427|272
285|427
276|428
295|E888
250.6|401
426|276
428|518
250.42|250.6
285|E885
414|294
565|250
438|250
162|285
780|466
V55|41
424|492
255|287
401|V15
413|401
581|272
599|571
70|401
590|438
250.02|?
403|287
785|263
280|599
403|427
560|276
599|250.6
276|294
682|286
295|276
682|250
428|482
440|707
250.82|250.52
585|710
287|250
276|491
428|342
496|401
562|427
750|411
196|997
584|403
250.92|300
V45|250
250.41|403
560|593
250.02|205
682|295
599|625
397|584
303|401
V72|401
403|424
682|707
428|585
535|553
428|493
788|331
682|276
402|496
599|255
38|995
496|807
781|250
250.6|250.7
585|250
425|426
403|428
428|577
427|295
?|401
E944|386
584|250.4
250.01|789
250.8|414
427|573
790|202
305|414
786|305
162|496
296|250.6
807|786
710|424
707|250.01
648|653
244|250
591|592
599|V42
574|250
414|272
428|285
722|250
789|433
197|426
250.92|401
577|536
285|578
250.02|403
496|402
428|280
413|250.01
255|255
431|342
491|280
276|728
599|296
362|250
995|276
723|250.1
733|401
724|727
E932|465
278|530
443|401
276|?
873|824
780|518
428|411
496|70
250.02|486
162|197
8|427
428|332
403|584
196|428
157|250.5
250|V15
295|780
553|250
789|414
427|599
414|411
428|250.02
999|414
403|250
276|E944
250.42|585
492|799
424|218
414|786
723|780
285|250.01
707|707
250.01|729
E878|285
411|403
585|996
427|788
998|617
411|599
250.02|493
305|413
593|427
440|401
782|401
V45|401
424|491
288|287
466|285
V54|V43
402|428
250.02|780
577|E932
571|250.8
799|276
303|305
787|403
518|428
412|V45
496|250.01
402|250
135|517
53|250.5
276|522
403|284
250.02|331
305|802
427|348
428|410
414|V45
250.6|496
997|560
566|780
V42|V58
560|401
276|458
715|V43
599|278
496|780
250.6|244
730|244
276|578
250.02|41
518|204
585|250.03
411|425
780|426
263|250.02
446|518
428|707
486|496
924|305
250.51|969
789|787
403|189
682|729
250.6|276
784|250
413|424
202|283
421|425
250|715
783|783
496|427
478|250
250.02|294
557|250
276|E849
342|401
496|38
493|276
293|280
799|250
507|428
197|285
530|250
357|730
805|599
575|496
998|427
585|250.41
250.01|295
413|440
998|250
411|402
285|998
585|287
780|493
496|518
285|707
250.6|250.42
250.6|411
728|427
574|250.02
250|362
599|457
276|368
440|403
535|211
486|995
427|593
410|786
780|428
282|401
491|263
731|730
203|250
585|404
997|434
780|820
453|404
250.41|581
714|729
780|276
428|413
682|38
753|401
427|584
486|599
788|V12
599|250.02
569|564
427|728
466|250
414|428
427|441
295|401
276|112
997|401
584|428
585|578
276|70
466|79
425|514
576|426
280|428
276|729
998|263
427|425
442|V45
998|285
444|250.8
250|427
560|E849
578|204
427|242
250|783
486|511
411|491
276|250.02
493|716
496|424
584|276
425|427
780|401
403|41
250.01|553
251|E932
591|250.4
577|276
537|571
788|438
585|300
428|442
305|276
491|276
196|276
428|486
790|41
70|255
576|573
998|584
482|493
560|427
276|V58
276|507
458|250
199|250
345|493
428|305
285|593
276|414
410|426
E932|401
401|276
511|280
250.02|285
733|250
424|199
414|443
305|518
428|250.92
698|E935
401|342
530|305
453|780
493|V54
491|428
252|250
535|250.12
38|276
584|250.41
881|250
507|250.8
780|357
799|344
276|560
787|276
250.82|414
312|250.02
496|437
38|278
440|V45
342|784
599|682
590|424
681|V58
491|799
327|250
V42|401
585|414
197|197
428|250.52
38|585
136|112
995|434
590|250.11
70|427
428|V45
250.6|536
789|572
787|789
287|570
276|V45
571|427
527|401
280|250
287|396
552|401
250.6|790
574|571
794|414
424|401
518|304
786|686
681|401
482|494
805|250.01
518|799
V49|250.82
577|414
403|599
284|578
491|599
250|568
733|724
599|E885
428|999
250.42|403
596|276
401|V85
280|578
782|250
721|720
428|296
553|300
568|565
250.01|593
486|305
38|415
285|414
E885|250
331|250.6
246|401
821|E879
250.02|562
569|569
250.01|311
198|196
648|648
427|294
427|786
584|427
573|427
584|496
493|518
591|250
496|404
263|276
784|250.7
250.01|272
403|414
427|285
584|572
682|250.6
250.01|571
403|722
403|490
250|276
481|295
428|415
584|574
599|272
276|427
403|285
276|V08
401|441
996|482
424|331
860|401
599|262
511|202
250.8|401
924|E885
263|599
198|250
38|574
648|250.01
250.6|414
276|41
288|E947
599|285
250.02|707
287|250.02
277|403
780|345
788|V58
276|996
998|997
428|492
415|427
426|425
433|250
850|807
280|E849
574|574
295|250
274|250
780|577
496|250.02
722|724
515|250
553|427
620|493
250.02|724
496|293
428|511
327|786
453|150
410|244
427|416
250.82|682
250.12|784
415|486
411|997
707|250.02
300|300
584|411
728|250.42
70|577
250.02|496
696|496
428|94
711|250.01
427|411
707|493
411|414
202|250.01
707|731
263|290
577|250
789|780
569|285
250.01|V58
V65|401
996|453
294|414
285|496
996|403
483|799
303|304
447|414
599|112
780|368
808|518
518|427
486|250
558|401
410|496
486|425
342|781
211|250
V12|357
585|426
162|427
496|162
437|290
585|V42
493|305
486|424
427|E942
433|414
427|290
280|211
250.6|425
784|781
203|288
38|486
491|998
342|427
276|292
356|401
403|569
518|478
250.6|584
401|585
250.6|599
426|414
783|250
287|780
427|578
813|E888
572|789
424|285
303|296
427|873
157|276
414|250.6
276|296
428|250.6
198|250.02
428|782
599|601
131|383
250.02|428
616|707
413|411
427|396
287|276
496|438
427|997
433|722
569|792
682|E878
250.11|276
250|477
250|428
491|515
285|535
250.01|?
250|493
574|412
456|428
537|276
354|355
294|553
482|428
296|250
424|530
481|496
571|428
595|788
693|785
496|276
411|703
250.01|443
785|414
411|250.02
285|428
578|427
276|536
263|787
682|204
427|433
250.02|V58
202|250
70|571
218|617
427|357
997|496
496|183
453|486
250|V58
433|507
518|278
250.51|362
511|518
437|V12
507|410
427|413
403|263
577|V15
250|727
401|428
599|295
707|250.6
41|250.6
788|276
276|577
162|396
424|E930
250.5|362
305|785
707|730
427|250.01
250.8|447
424|710
296|414
493|486
250.7|250.5
283|250
780|807
443|250
425|492
518|288
41|714
410|276
780|733
997|788
287|907
584|V85
276|250.92
250.01|V44
780|191
403|707
707|780
250.32|496
415|276
424|780
789|453
511|493
197|414
300|530
599|788
250|733
411|250.6
786|401
707|440
599|592
410|996
492|305
682|680
427|E941
425|424
558|?
599|785
599|424
250.02|491
682|599
427|284
250|424
250.02|310
401|250.5
280|250.02
424|426
285|402
560|599
305|681
420|426
303|276
41|465
342|428
250|280
250.83|707
707|788
446|584
434|496
427|530
250.02|424
465|427
427|722
E888|E849
428|433
444|998
413|414
346|401
787|401
801|458
287|414
535|V45
276|682
110|41
197|250
998|780
593|250
496|309
414|424
591|598
41|428
515|585
578|401
576|784
424|424
250.8|730
201|250
403|298
584|482
428|250.4
427|491
296|305
V85|250
357|203
599|486
428|255
403|511
997|427
276|185
276|438
512|414
309|301
208|E880
710|288
272|465
560|553
585|250.6
659|250
496|41
614|218
342|250
138|784
729|745
996|V12
682|710
585|785
427|682
401|465
753|412
403|250.6
477|250
218|218
365|564
403|581
292|453
518|511
411|204
E881|401
707|785
403|?
427|553
802|294
427|V42
428|996
437|280
300|401
428|426
250.03|303
276|278
491|70
507|780
648|250
285|E878
E849|401
250.12|278
568|401
823|250
199|332
585|511
780|250.01
491|285
70|305
496|473
250.02|E942
263|250
457|459
575|V46
285|E886
434|781
414|530
825|838
286|729
202|401
599|584
154|401
453|511
204|428
440|272
305|443
428|491
427|493
428|250.01
250.01|648
444|707
808|428
V85|458
486|707
250.01|278
414|427
414|250.01
788|V85
416|402
280|535
733|250.7
E934|E878
434|305
424|E849
585|203
V46|250
491|780
263|780
496|413
401|340
416|780
496|584
401|?
112|250
427|412
294|250
250.8|458
491|112
715|278
789|V55
455|536
250.01|558
E849|331
285|250.02
427|V45
812|599
591|198
427|535
599|284
515|584
250.03|41
560|560
425|491
70|304
250.01|V45
250.01|731
250.01|433
780|277
996|305
496|V15
493|507
486|V45
204|997
780|411
997|511
719|V43
592|427
427|780
276|782
112|250.02
486|491
276|425
507|560
V15|278
710|496
785|599
584|E932
518|682
518|482
250.03|V15
995|410
V85|276
682|998
707|681
789|536
250|327
491|585
287|E849
584|250.92
250.03|655
250.7|443
590|584
696|250
250|110
411|518
396|287
585|536
424|532
250.83|424
276|287
276|511
780|V45
150|530
280|E888
276|593
480|401
785|403
295|427
780|250.92
518|E865
443|414
425|250.4
162|196
780|722
411|511
285|560
599|331
784|250.8
581|599
784|E934
453|799
599|403
530|584
285|715
331|780
E942|285
812|518
38|421
742|491
428|780
403|250.5
70|722
250.01|428
250.01|658
486|250.01
560|562
780|198
515|250.6
426|272
518|250.52
789|401
782|593
535|455
291|535
486|585
292|250
599|715
250.6|723
305|295
496|241
410|584
728|401
276|275
162|357
584|285
593|401
799|791
996|250
496|571
482|518
250|788
574|V64
250.02|433
780|310
997|V65
196|414
648|654
781|272
518|426
789|998
411|292
342|414
599|304
583|276
295|250.51
493|250.02
440|V49
276|162
493|250.92
410|E879
413|428
403|421
403|282
402|599
428|E934
599|162
250.6|530
466|788
411|996
707|V49
340|41
424|599
250.01|560
710|401
567|427
278|250.52
616|250
425|250.02
728|584
V42|427
E878|428
250.02|786
491|305
298|250
403|250.01
591|403
567|491
530|278
8|250.8
276|189
707|599
276|569
285|403
197|428
250.02|296
728|729
496|412
401|311
429|796
998|250.51
493|780
218|616
V08|250
996|250.13
569|585
250.03|414
V45|593
518|135
518|E878
263|707
719|719
923|401
530|?
285|530
250.22|331
459|250
785|250.7
41|E878
486|285
581|414
285|250.41
535|530
250|714
289|304
724|344
198|198
493|585
276|V12
576|41
414|402
276|357
E849|250
V85|780
574|401
340|599
250.01|722
114|305
250|574
V62|250
426|250.6
V85|428
536|530
305|305
424|425
410|401
70|250.02
682|682
518|411
41|276
507|707
440|250
403|278
250.22|425
V45|403
710|414
537|285
789|403
413|425
599|303
571|V42
443|V45
250.02|787
492|518
309|309
278|250.01
707|438
786|403
276|404
571|401
276|396
415|416
518|285
250.03|519
486|150
427|250.03
599|578
244|530
198|287
250.01|496
41|553
250.01|414
799|403
593|414
428|682
428|79
599|786
599|250.43
401|427
493|331
486|288
272|530
434|401
707|285
599|342
276|79
584|486
285|300
278|457
250.22|276
411|276
411|404
276|492
780|244
285|531
276|153
295|244
427|707
397|401
591|401
496|V45
780|414
787|?
198|585
198|428
403|438
493|403
V64|250.01
285|599
736|305
785|785
428|789
493|799
599|E888
518|404
272|733
401|536
285|E819
331|294
162|518
250.82|276
304|305
999|682
427|250.92
490|250
518|197
413|276
707|496
401|716
427|787
301|250
578|250
996|411
552|702
496|425
427|402
428|416
496|724
786|414
250.92|285
276|473
427|518
427|789
786|427
496|788
433|V12
404|244
724|250
V85|278
285|491
199|401
578|335
401|266
493|584
788|756
599|585
451|496
V12|244
250.7|998
424|403
285|272
250.6|250.52
V43|401
600|596
728|403
424|496
344|427
861|401
250.82|403
358|276
348|585
729|?
710|250
250.13|276
276|303
784|728
530|707
428|515
401|433
414|305
535|584
530|401
425|404
491|250
415|453
112|276
285|E888
285|553
571|403
491|721
401|459
569|276
427|794
424|411
E888|401
836|717
397|402
707|250
250|440
707|272
255|496
250.6|402
578|305
496|V42
581|403
453|242
250.01|427
611|288
V45|250.01
278|250.6
250|785
599|428
250.51|250.6
511|402
70|8
425|228
250.82|41
287|211
726|274
780|535
305|296
428|356
574|427
648|663
453|153
414|413
511|560
344|518
682|285
154|199
426|426
204|592
799|397
416|423
V15|250
807|401
276|564
241|250
280|466
918|305
599|593
707|41
440|682
536|276
996|E879
997|413
112|?
518|519
496|285
707|428
998|?
518|997
276|154
285|511
244|401
157|197
516|413
909|599
401|250.4
753|427
438|729
780|599
403|253
780|294
V42|287
730|428
304|250
70|568
253|424
486|518
786|428
E939|332
507|511
284|250.7
285|786
428|412
493|300
344|438
413|998
276|924
V58|289
250.03|599
564|733
427|436
595|799
295|530
440|427
434|250
840|726
424|79
710|286
233|250
250.6|250.51
607|735
V57|428
599|780
401|715
583|581
294|263
250.92|729
196|280
79|?
577|998
250.81|331
530|535
250.02|518
428|250.42
250.03|593
486|438
427|79
112|305
276|V15
250.02|556
287|413
453|250.9
759|459
584|404
413|599
997|431
250.82|255
451|V42
401|496
250.8|707
553|294
805|276
414|426
250|426
263|799
250.02|V45
340|285
153|276
151|287
250.52|411
358|307
280|997
250.6|403
434|427
280|532
250.01|584
550|568
574|535
786|453
V85|786
799|788
584|424
599|287
311|530
250.01|305
427|426
496|250.6
250.6|585
342|278
V66|199
250.02|737
250.03|654
574|577
276|250.41
786|593
558|599
518|707
427|799
518|458
578|276
485|401
496|599
V42|599
493|327
V85|787
V10|733
277|278
410|428
414|521
250.6|465
V10|401
276|V10
707|401
716|496
852|250
250.01|V42
710|135
616|701
276|295
162|250.02
154|V58
577|585
276|250.4
250.6|945
860|807
433|38
785|995
198|197
511|E878
242|681
492|997
428|290
411|780
202|E933
276|293
491|242
424|591
276|272
578|153
276|250.01
788|401
V58|345
512|428
276|584
305|V58
428|135
440|731
276|E936
438|427
425|403
V10|250
426|780
41|403
785|681
584|453
203|414
291|250.2
786|530
718|721
295|197
286|250
428|402
287|342
998|276
493|478
584|203
456|573
291|577
70|456
278|401
584|682
600|250
250|682
490|401
518|599
403|293
211|211
70|584
581|585
425|416
425|53
491|426
280|401
197|198
E885|286
473|473
V42|V85
438|V08
V15|401
38|287
198|511
581|162
401|530
465|?
425|280
250.4|583
112|787
458|593
492|E922
285|424
492|197
444|401
162|276
575|288
813|401
909|V10
79|376
250.02|733
285|250.6
415|442
397|780
V15|?
280|276
242|496
284|401
577|V45
348|379
278|305
276|799
599|V54
707|585
303|250.03
578|496
410|272
682|41
491|403
560|998
584|305
309|250
250.03|?
344|368
789|70
272|300
416|682
250|600
250|593
511|112
425|E888
276|518
780|780
518|42
403|342
250.01|244
618|788
585|250.01
425|496
492|401
250.92|599
785|530
682|304
413|997
622|414
730|427
196|250
788|427
519|250
791|41
V62|303
553|285
512|861
998|E878
453|250
398|250
292|293
564|401
584|518
V43|272
250.02|278
276|304
789|250
682|250.02
785|584
427|726
117|401
427|443
250.03|648
295|135
493|443
397|414
250|294
438|780
599|348
824|401
434|403
707|250.8
729|274
305|250.01
714|250
250.12|578
220|218
285|V55
397|424
486|780
428|423
780|496
560|787
202|285
250.02|266
414|599
995|682
337|250
319|295
998|41
295|70
596|401
414|585
998|627
496|682
428|V10
723|278
998|719
E885|E849
280|787
781|250.02
250.7|403
250.42|710
403|443
433|433
276|244
584|507
196|198
196|197
719|285
250|441
515|573
250.8|530
585|496
719|786
263|577
998|414
785|112
433|204
285|211
250.02|304
787|250
414|593
E888|138
428|274
496|729
403|998
162|244
799|781
357|401
V44|250
411|794
453|286
276|424
511|780
403|733
198|535
70|585
250.01|296
493|515
511|425
550|V49
799|331
537|710
411|426
303|496
412|414
250.02|438
303|250.8
618|617
425|710
287|427
425|396
824|845
E816|682
496|273
574|995
205|403
427|621
786|496
574|425
293|682
599|263
784|401
276|362
250.01|424
584|197
486|453
724|401
38|707
250|536
707|274
707|413
427|729
280|783
250.52|491
458|530
428|710
490|995
250.92|721
403|786
277|577
250.02|682
346|311
401|438
453|162
491|518
486|517
401|443
737|V85
42|263
410|785
426|428
272|V45
496|305
429|278
202|E885
585|285
807|E828
244|272
590|250
V45|414
428|729
250.12|584
654|648
780|585
276|280
250.02|280
427|785
682|250.51
E884|E849
518|995
E879|401
319|438
303|250
414|V12
425|398
567|250.01
481|276
E878|401
250.8|536
507|250.02
730|731
696|789
438|438
599|294
V54|V54
584|425
205|401
507|730
459|695
532|783
730|403
414|244
414|296
411|198
E885|788
571|790
596|788
305|250.6
272|?
567|577
486|250.8
785|250
507|348
426|250.7
584|780
413|272
250.22|286
303|298
536|305
287|573
729|305
428|466
909|E879
250.82|428
590|276
710|294
425|250.01
415|428
560|285
648|250.51
266|300
404|428
786|289
250|E927
202|284
428|824
287|571
496|531
404|285
153|594
784|342
291|365
434|276
V42|250
590|41
787|272
428|201
154|284
428|397
V85|414
E942|250
707|V58
250.1|401
403|486
427|?
535|535
427|458
287|174
535|285
197|V45
788|625
518|416
338|368
401|412
710|204
571|276
250.82|401
189|530
202|403
250.4|593
276|344
518|493
396|250
682|995
578|280
250|429
812|285
291|303
427|604
428|648
250.02|443
585|707
414|996
263|453
852|276
781|784
786|789
429|416
291|41
618|250
577|574
276|995
424|999
348|995
707|V85
403|295
443|V12
424|V16
413|E885
518|708
780|707
285|204
413|493
250.4|403
250|443
738|722
924|319
189|250.4
250|716
250.6|70
288|305
434|997
530|553
250.43|250.6
512|250.01
250.6|250.41
428|287
403|473
440|38
413|402
428|138
578|493
427|292
576|112
782|276
496|490
276|562
427|250.6
729|414
263|8
287|784
288|401
284|280
511|998
453|922
250.12|305
493|445
403|V42
285|286
707|729
198|162
280|496
426|250.02
427|719
287|578
781|331
276|8
736|250
599|570
722|722
482|250.02
381|250
415|157
599|279
486|386
493|466
278|250
585|781
496|403
V15|799
569|455
427|280
599|208
426|305
496|296
571|250
648|669
V17|786
619|250
799|424
138|414
780|301
V57|V57
276|402
250.82|584
428|928
799|E932
585|873
250.01|110
263|294
486|157
605|?
626|625
599|518
401|V45
112|V09
648|670
293|112
112|496
352|705
285|41
403|536
788|?
293|401
560|250
250|438
466|416
648|642
569|785
250.02|571
415|799
564|564
276|796
592|591
511|599
493|530
794|794
553|568
496|280
250.92|782
401|V10
276|E932
V62|309
294|780
276|250.12
250.92|414
453|599
432|250
518|V45
496|250.5
873|781
780|786
198|V10
349|250.43
682|404
425|707
496|?
427|440
250|256
V45|428
693|250
285|440
278|564
277|493
682|250.01
518|162
786|278
530|272
892|250
721|716
189|401
250.6|707
292|414
403|E885
250|V10
420|511
411|786
410|707
276|466
805|401
648|647
272|414
491|584
365|361
459|182
250|787
276|305
998|682
276|332
342|787
515|401
309|401
578|272
V42|276
584|438
648|665
458|285
599|492
204|283
794|?
401|294
V14|V14
204|54
486|403
780|788
585|682
250|466
507|995
924|923
995|414
586|250
285|584
250.02|263
847|847
150|278
411|785
135|599
626|250
414|438
786|272
401|729
781|250.7
599|530
571|287
162|486
410|486
413|280
402|996
585|250.4
434|250.6
707|250.03
V42|596
535|250
989|278
746|401
285|781
453|428
518|250.6
41|250.02
873|E888
403|70
717|727
532|530
584|38
425|250.6
276|535
710|70
784|784
786|250.02
403|272
276|558
785|682
590|790
300|414
250.02|204
250.83|585
42|799
300|278
808|E816
V63|438
V65|250
584|401
486|278
518|507
710|493
574|560
756|354
305|70
496|304
250.02|458
348|427
155|197
276|707
250.8|295
569|560
486|304
V42|250.02
V45|584
369|781
493|E849
620|593
812|E880
574|599
250.6|337
250.1|342
250.52|280
530|211
427|511
276|250.83
425|493
492|574
682|E879
790|401
403|250.42
584|250.2
V85|401
789|571
599|V15
289|511
496|813
294|?
428|507
8|401
414|280
E880|410
174|196
997|411
V42|250.41
427|293
250.11|646
428|438
250.01|599
340|492
8|996
276|250.03
276|573
250.02|784
41|V43
402|411
823|250.6
294|300
571|250.01
424|V43
868|94
562|214
998|282
362|401
250|786
457|250.01
362|402
276|571
518|584
198|185
293|402
410|250
553|276
599|466
285|529
710|558
564|250
272|729
V45|V45
34|250
996|424
205|250
784|413
V42|571
780|403
518|424
707|584
250.42|402
592|401
250.01|788
303|535
780|438
440|250.5
782|493
428|786
E932|780
414|429
805|707
496|486
741|599
536|337
571|185
284|250.01
70|235
707|402
424|802
518|276
416|530
511|428
276|279
305|962
303|250.11
608|493
496|301
805|584
E942|584
V60|287
789|511
998|493
357|300
599|8
292|998
722|401
780|V58
425|305
E888|427
577|560
250.01|515
780|781
433|496
496|250.41
414|278
997|250
433|440
997|780
427|331
305|301
403|785
423|272
250.02|V10
593|276
277|446
415|250.02
402|581
303|569
427|278
305|728
250|V85
682|730
411|433
745|227
726|733
745|401
428|924
584|528
989|414
197|427
598|493
401|780
276|340
710|582
197|158
571|303
584|V58
427|585
38|250.02
789|250.01
424|356
401|600
786|786
413|298
438|590
424|138
402|414
425|272
591|276
785|250.6
518|V85
357|794
303|577
599|728
786|426
558|244
250.7|707
276|440
487|255
V58|789
296|491
162|492
728|284
414|745
280|562
V62|276
569|V45
433|V45
437|331
786|?
38|456
682|305
414|491
599|465
574|285
992|250
250.6|112
710|285
414|556
724|724
198|276
277|250
492|250.93
426|558
250.82|496
491|425
572|276
436|342
336|722
451|453
397|428
493|295
434|443
780|571
250.01|530
435|414
250.02|825
780|682
922|401
535|531
285|458
577|577
780|799
599|413
342|433
511|799
272|574
585|424
275|414
599|535
53|204
403|591
599|425
434|780
411|242
873|E813
427|577
722|250.01
53|562
682|518
196|697
780|584
707|V42
?|285
600|278
948|E894
481|427
332|V15
789|428
517|401
284|202
204|453
276|586
250.53|362
E934|280
250.02|8
853|780
250.92|276
368|250
291|401
250.6|250.5
295|294
42|428
530|276
401|424
577|780
E888|715
250|648
507|496
284|733
250.8|272
996|414
780|250.6
511|491
348|403
?|250
344|707
511|276
294|311
578|238
411|287
300|250
314|303
250.83|?
724|427
410|585
403|E888
250.81|276
250.13|403
728|250
997|E878
250.02|E905
873|873
491|250.92
287|787
728|V85
799|599
250.01|300
401|788
411|V14
780|E878
536|724
V43|599
530|285
571|584
368|438
410|507
E849|912
786|719
625|250
564|V58
427|714
496|558
250.02|342
276|38
250|274
204|250
518|518
200|250
250.82|782
332|250.8
416|397
403|883
218|620
396|414
577|416
289|724
599|787
780|298
486|94
V58|205
781|401
496|715
807|599
153|707
507|250.01
518|414
550|250
428|787
348|276
648|652
496|411
437|780
682|585
427|303
250|300
997|599
996|401
571|291
38|428
E883|272
185|244
438|401
112|437
682|785
820|823
340|496
304|741
250.82|710
591|427
117|V42
196|493
250.02|998
250|34
530|714
816|E818
599|599
567|789
788|V10
250.41|411
730|997
724|562
424|305
292|786
250.22|572
486|284
250|365
54|V15
558|276
577|174
411|429
296|458
250|338
280|303
250.82|287
411|V15
682|584
428|560
280|402
553|244
250.5|401
250.92|428
413|496
413|426
496|250.82
250.01|403
188|199
278|593
577|789
402|425
V62|401
577|428
285|493
V58|V15
278|414
413|410
780|560
440|730
204|780
413|715
590|250.02
250.51|428
515|707
426|786
496|789
389|250
428|244
196|174
428|278
730|682
784|729
998|V85
285|618
424|272
820|401
728|496
404|585
576|576
412|428
577|401
996|585
342|733
726|401
577|304
433|250.7
574|493
250.13|530
496|138
511|401
250.01|412
425|790
511|162
250.82|377
250|319
276|608
250.01|V18
493|250.2
285|338
276|727
283|250.01
537|438
250.01|54
276|250.6
644|590
410|396
727|250
799|415
198|780
530|578
458|403
572|287
493|535
564|E935
189|285
301|466
850|518
789|425
574|496
250.51|585
296|276
518|438
38|599
162|733
784|250.6
905|905
411|530
584|728
250|562
396|599
286|427
311|458
491|570
250.92|496
427|924
310|296
411|V43
250.01|293
759|270
410|532
378|401
585|425
482|490
496|535
38|491
574|997
707|784
682|V42
451|250.02
567|250
250.6|305
357|276
620|401
201|41
112|599
250|596
310|250
344|425
790|403
V42|112
250.8|53
721|250
427|288
492|276
578|584
411|112
276|920
425|414
250.02|396
411|437
780|251
276|318
250.92|427
V45|412
995|599
427|E934
493|287
601|788
272|272
41|414
425|284
788|618
338|401
576|250
427|E939
284|154
996|599
397|250
287|401
280|998
996|707
242|276
427|V15
428|204
287|486
595|41
305|786
V43|427
576|295
492|721
204|197
728|719
562|535
537|511
714|V58
584|491
205|285
250.02|V66
303|788
426|250
250.02|593
250.5|337
295|331
294|486
518|250.02
284|189
412|458
286|294
578|250.01
276|331
250.01|654
728|276
584|8
403|715
427|753
284|428
250.12|276
295|578
402|416
135|414
276|437
342|410
V12|250
282|518
701|250
998|250.01
403|V46
584|933
496|453
138|E885
154|198
250.2|453
710|428
250|998
250.01|733
V63|70
276|574
332|296
850|920
788|E938
401|784
426|362
410|564
155|789
250.02|412
357|250
250.5|250.6
434|424
493|787
250.02|584
496|564
785|424
592|410
291|724
724|789
682|457
599|536
401|V58
584|303
250.02|577
272|593
996|905
276|590
E879|233
453|585
564|562
423|416
276|591
V42|250.53
560|V10
276|342
440|440
442|250
284|427
396|427
496|278
280|584
584|272
681|272
285|733
427|998
401|731
496|250.7
710|478
V58|462
75|78
250.92|211
413|278
530|562
707|295
250.4|285
286|283
991|276
496|396
250.03|401
496|342
284|462
414|423
203|584
707|303
112|458
198|599
617|625
285|280
590|V58
280|41
584|250.02
714|427
42|304
250|521
714|593
398|427
428|788
584|745
424|447
557|250.01
242|786
250.02|413
707|427
V64|401
295|272
733|486
428|553
41|250.03
719|924
682|112
38|404
396|401
707|E885
263|428
433|238
799|438
250.01|707
250|E932
401|786
396|397
411|486
453|289
458|272
465|401
427|286
276|784
786|714
433|781
V58|787
473|250.4
250.01|V12
250.6|424
518|293
577|272
511|403
294|348
511|997
681|917
562|414
411|746
747|424
593|298
V58|424
295|535
581|511
599|250.92
682|892
493|272
577|263
304|722
287|425
287|250.9
402|580
786|784
E947|174
515|491
275|496
710|112
250.42|401
799|250.02
873|E849
441|V45
411|577
682|272
428|575
599|414
70|906
741|276
280|300
705|648
433|729
578|250.02
681|250
784|433
250|924
518|578
250.02|V15
410|518
486|401
793|790
493|727
41|272
724|276
517|493
403|608
996|V43
250|383
507|584
420|112
424|440
707|357
780|285
787|250.6
595|250.5
466|553
790|786
250|535
250.03|110
427|398
E878|715
276|250.1
496|552
786|425
715|780
785|401
719|V54
403|582
198|402
496|242
493|250.01
428|440
V43|V58
V58|440
789|416
707|301
276|788
590|38
42|427
571|218
799|278
342|437
592|250.01
250.5|414
250.6|590
428|277
591|599
311|250
707|201
428|444
599|250.03
V12|794
414|682
425|277
574|305
198|172
200|284
591|788
519|305
263|585
578|535
428|998
785|997
426|424
70|428
396|428
411|784
995|250
434|8
156|197
780|211
278|V58
584|556
496|250.8
542|V64
250|719
276|253
403|571
E819|E849
250.01|535
560|197
327|780
294|290
511|414
564|276
198|403
337|443
781|241
411|493
427|38
595|428
486|250.03
296|E813
401|411
785|428
560|41
403|570
413|70
533|789
414|416
250.02|715
E885|357
599|?
707|185
E812|401
428|185
V42|V42
492|285
427|174
575|250.02
284|432
250.01|344
197|584
250|722
342|780
995|250.42
295|250.01
401|250.6
250.02|519
780|303
790|892
276|E941
486|580
518|625
427|E947
250.51|403
V10|493
722|414
155|682
410|784
425|584
782|402
8|V15
789|493
342|250.6
416|427
424|276
491|300
250|V14
584|580
996|452
276|V18
611|276
786|250.7
250|647
428|581
787|873
272|433
788|250.12
340|276
38|38
716|427
276|E878
250.02|722
584|281
410|682
411|202
410|451
V58|305
250.01|816
332|250
440|292
496|442
530|427
491|707
410|413
682|403
293|599
426|427
790|428
722|530
157|250.02
250|V27
140|787
491|486
428|465
E950|295
531|250.6
593|250.6
562|595
428|530
250|347
238|742
428|588
680|276
42|425
569|572
276|E885
716|250
70|303
250.02|558
458|276
786|346
724|V45
787|787
244|414
493|V42
250.92|413
284|599
397|396
595|V58
729|729
719|414
250.13|285
410|V42
285|788
404|518
642|401
250.8|278
V10|244
211|401
294|401
595|599
414|997
574|274
715|250
567|403
410|728
428|250.93
413|996
285|562
574|789
571|962
453|414
998|453
535|428
496|295
790|785
295|E950
682|786
250|V43
426|E817
V72|250
458|599
250.82|571
721|724
357|244
802|800
568|272
250.01|585
569|401
845|E885
599|319
255|250
881|E885
491|250.01
711|717
786|564
285|569
733|564
486|785
280|403
276|515
585|250.02
580|403
707|250.81
250|492
295|285
250.02|802
567|287
577|284
486|277
433|250.6
707|263
491|V10
507|276
250|571
403|682
386|250
289|250.8
250|V60
162|786
648|V27
599|789
303|972
507|427
428|396
V85|682
731|785
584|785
135|403
491|162
722|780
780|785
707|198
40|38
812|?
287|70
403|578
456|250
493|301
423|428
204|496
552|278
276|V42
150|458
799|466
38|414
511|427
805|808
784|787
786|782
800|802
428|E885
642|V65
578|707
807|921
599|491
486|250.9
V45|790
372|724
424|225
250.01|644
250.01|908
250.82|799
272|244
255|301
250|799
135|428
786|276
E933|183
707|250.4
552|496
425|238
338|250.03
782|250.22
535|562
621|627
611|V45
250.6|428
607|250.02
250.01|331
414|250.02
110|250
411|250.13
332|331
287|459
789|569
794|250
572|577
481|518
250.82|427
573|255
V63|250
719|401
789|250.8
250.93|401
70|414
250.8|276
250|553
785|429
585|38
786|250.6
250.02|300
250.02|427
599|560
518|425
682|V58
585|272
599|515
601|250
599|410
786|244
585|250.42
414|396
997|616
278|346
788|272
301|V62
338|185
996|402
403|275
41|285
785|496
415|250
424|280
276|553
427|E878
486|286
465|518
785|276
437|250
413|789
780|305
401|360
280|531
428|625
403|466
493|441
285|425
250.6|788
276|411
276|453
996|410
250|790
518|998
V58|?
425|466
428|272
305|E880
530|780
599|707
250.11|584
599|V12
530|530
402|997
428|459
276|441
276|V65
196|263
117|112
428|536
285|585
997|518
599|574
592|250.02
416|428
250.03|272
584|250.8
41|250.7
788|366
727|401
518|250.4
585|560
441|780
276|9
535|401
788|585
401|794
719|250
491|423
404|250.4
292|496
786|458
466|276
403|530
413|723
403|250.51
401|250.02
446|250
444|805
789|276
585|340
411|578
453|415
426|238
585|135
648|656
593|332
574|626
250.02|591
997|353
303|342
250.51|250.81
E829|401
151|401
424|410
788|599
599|244
275|427
438|784
V45|729
518|611
584|250.6
496|512
401|714
425|204
593|331
276|969
285|745
250.7|787
486|787
368|401
396|276
38|601
428|112
285|250.4
296|280
482|584
112|491
E849|E935
599|594
V10|250.6
507|729
424|135
850|486
723|721
738|250
285|892
415|558
293|780
304|486
424|402
710|585
250.12|788
491|255
427|840
413|250.53
304|493
648|250.91
780|E939
780|394
E942|535
733|285
707|996
458|250.8
428|263
E878|411
682|790
507|250.6
585|242
285|836
412|403
305|998
733|288
250|473
590|787
250.02|492
250.03|244
585|530
496|530
459|714
453|250.02
791|682
585|263
696|730
585|250.8
585|532
812|E881
282|V10
250.83|276
543|250
303|571
428|799
496|728
414|311
781|V43
204|790
585|349
250.03|427
202|414
V45|585
277|482
453|427
?|428
200|276
599|562
428|573
303|786
291|794
411|340
491|726
440|250.7
459|780
250|737
820|812
311|278
585|583
585|518
428|294
250.02|522
198|180
288|250
8|443
728|511
491|410
780|425
564|?
585|V45
584|997
41|682
280|288
294|331
V42|402
568|562
238|593
448|401
295|428
440|?
274|345
487|401
723|599
518|V42
496|511
790|185
414|E879
305|493
250.01|610
276|965
250.13|584
496|272
8|493
599|710
496|429
250.4|581
413|584
153|196
197|560
599|591
424|515
574|331
596|789
427|453
511|807
V42|394
998|278
413|585
496|799
250.01|784
730|790
428|284
414|785
41|V45
682|135
403|252
780|290
428|295
403|E879
790|530
300|785
196|574
729|354
531|280
295|455
358|250.6
574|202
599|402
276|426
362|250.5
E932|786
601|E934
780|824
54|250
515|737
518|403
577|584
618|625
998|553
276|714
726|250.02
150|413
788|414
512|V10
722|V45
398|396
E878|780
799|486
V42|492
496|457
425|682
567|276
780|199
383|382
E878|250
531|276
492|V49
584|591
276|596
154|218
250.03|403
802|305
780|413
737|401
571|572
568|995
402|424
787|402
272|600
250.51|285
250.8|731
519|786
280|414
491|202
518|491
203|287
E849|780
789|579
442|453
787|112
786|295
205|729
305|?
250|E815
263|327
V63|428
401|805
707|728
780|300
584|319
515|536
E878|V09
558|785
569|562
515|276
808|781
569|428
426|285
807|805
577|496
285|813
197|530
414|276
599|252
920|250
276|592
581|244
401|425
578|403
518|722
428|997
571|284
585|535
805|805
E944|250
572|357
E947|V49
707|250.7
794|401
427|368
38|E878
250.01|537
411|305
198|41
403|433
185|414
250.12|402
293|285
780|521
197|196
196|799
386|401
591|584
404|188
319|401
648|250.12
789|438
290|285
255|304
726|250
304|250.22
8|428
427|305
691|250
557|401
997|285
799|405
278|416
403|593
577|785
910|E880
428|578
620|575
794|786
250.01|710
189|197
401|593
493|278
V45|285
493|?
153|250
356|250
286|998
456|496
780|V15
112|294
723|412
584|V45
681|278
295|292
425|585
284|162
220|250
518|780
873|401
427|E930
402|272
729|458
319|272
V58|8
156|599
412|319
410|444
424|342
789|250.02
287|599
294|365
599|998
250.01|716
272|305
250.81|730
722|272
873|E812
272|780
428|250.51
496|410
344|250
780|782
578|428
424|250.02
348|344
428|E849
E881|E849
289|250
707|530
616|218
595|616
433|427
433|250.8
250|135
577|427
428|607
486|590
623|285
304|496
250.52|250.42
288|560
402|454
250.03|664
434|250.8
726|716
693|E930
331|250
428|807
172|250
434|486
250.2|431
411|244
295|414
785|285
401|426
250.01|354
401|250.01
584|466
286|285
428|458
851|427
728|486
197|188
250.12|577
599|250.81
782|414
995|586
799|428
250.6|518
790|278
413|571
401|V12
590|996
285|197
285|782
707|344
496|577
276|530
996|250.4
999|724
584|250.82
620|218
585|110
730|94
162|428
340|443
250.01|591
291|276
V62|244
427|515
403|355
411|396
296|971
250.13|V08
455|401
808|138
414|309
405|173
9|211
492|V12
196|396
707|E929
292|E950
596|496
272|274
402|426
153|250.02
575|789
969|E950
425|486
250.02|295
780|412
790|276
196|733
197|493
403|412
250|465
493|997
493|593
780|997
238|780
250|355
789|8
V44|401
414|787
428|805
577|250.02
428|955
40|584
585|780
496|515
294|244
276|583
724|185
41|331
8|424
780|E936
652|648
70|403
446|433
E885|414
205|V42
577|278
780|831
527|402
197|571
465|276
V58|250
789|788
440|996
787|218
138|496
242|426
444|403
396|785
996|719
416|574
411|250.41
642|648
578|682
428|435
427|459
E849|332
850|780
435|E947
263|53
414|403
999|250
459|707
585|730
266|250
453|998
V85|571
518|250.53
V85|338
250.6|427
815|E812
197|707
921|250
305|V10
598|788
584|510
428|198
V45|V15
575|276
288|250.01
342|V85
250.7|696
510|425
305|280
536|357
440|414
305|42
434|250.01
581|V45
358|518
276|351
197|162
714|401
295|728
428|591
112|263
414|518
317|250
196|250.02
435|250.6
786|493
724|218
585|753
70|490
287|295
396|453
112|428
250.02|543
8|969
706|401
788|349
9|456
401|787
250|433
404|250.01
571|280
294|427
584|493
998|518
465|428
738|285
V62|V15
E882|E849
996|250.02
250.13|599
211|562
575|997
493|244
427|724
707|486
599|250.52
531|V15
276|710
617|250
250.02|892
291|296
413|593
342|535
218|618
150|276
250|403
496|707
403|280
250|564
478|401
293|585
42|496
276|135
41|41
307|306
785|786
997|41
401|648
786|780
342|459
591|285
428|785
250.8|427
682|722
648|660
952|853
998|571
682|555
426|V45
162|172
535|280
511|424
599|346
197|585
584|E930
285|997
496|303
V11|V11
413|304
491|433
451|780
288|276
814|458
250.42|250.52
411|707
413|780
337|530
295|348
491|53
599|493
427|507
276|198
593|403
788|605
553|414
314|278
428|404
518|255
250.02|585
710|295
312|250
789|287
710|710
493|575
560|780
250.01|501
278|?
420|414
496|V12
246|250
444|250
41|E929
958|276
729|784
424|250.01
E934|V10
V42|785
340|293
813|276
204|401
403|459
250.6|596
38|780
722|592
427|342
733|250.8
411|405
263|414
585|9
780|416
584|280
721|721
305|424
428|293
250.1|276
196|250.01
788|185
205|?
780|578
304|401
446|427
250.52|518
553|401
250.01|332
281|909
496|458
303|292
733|276
435|442
600|599
278|413
444|444
300|311
152|531
813|250
486|786
250|397
614|250
427|813
290|437
V45|V10
781|278
722|427
250|259
794|427
272|250.02
276|42
38|250.4
780|295
493|285
305|311
492|493
585|599
786|584
290|368
710|701
295|162
250.01|285
618|401
287|456
414|780
E888|250
535|427
560|250.6
873|599
568|250
682|253
250.02|535
V58|276
250.51|530
410|305
491|357
920|780
305|200
788|997
300|271
331|414
289|E849
425|599
291|496
562|401
566|995
682|695
786|794
276|789
972|E950
716|600
357|536
348|584
287|V70
70|?
820|707
250.02|466
V42|250.03
595|780
577|425
746|285
518|292
250.2|584
272|311
842|E888
250.01|41
452|8
V43|715
272|577
780|530
285|292
707|571
429|412
709|250
786|599
573|250
511|710
560|290
714|250.6
202|522
348|250.8
298|301
707|747
424|441
493|250.6
452|305
293|600
414|724
595|403
511|415
533|401
466|250.6
280|285
625|618
295|250.02
354|250
425|V45
710|276
515|780
162|250.01
112|585
428|873
416|250
164|250
721|722
280|996
53|E884
425|250.8
276|327
250.02|625
V43|276
41|598
444|958
401|V17
285|558
250.11|493
276|708
998|574
444|459
402|413
599|E942
250|724
560|789
585|789
414|714
585|401
250|515
276|288
250|410
287|518
780|41
492|414
560|280
437|401
185|285
496|721
571|710
428|434
415|197
250|598
595|233
780|V10
515|599
578|577
304|996
591|250.01
569|274
786|511
427|611
496|440
E932|725
799|295
785|426
276|252
425|780
465|780
805|E888
600|285
528|250
276|250.43
250.02|530
V42|250.6
599|694
441|593
322|951
E878|440
414|458
536|553
584|996
623|250
920|E888
560|788
465|250
425|413
518|E950
805|802
427|486
427|274
996|444
238|287
585|416
780|135
599|729
682|E849
463|401
585|423
746|518
276|724
511|584
562|682
197|593
518|575
250.92|?
348|428
250.93|?
287|V10
496|786
280|V43
496|553
V49|427
626|568
263|265
787|E938
258|255
296|V62
250.02|644
404|250
486|185
284|491
276|794
E878|E888
285|287
250.83|348
953|250.41
682|278
870|810
573|410
787|438
558|535
446|599
403|94
491|785
403|515
599|614
427|601
198|507
486|189
493|465
410|250.4
41|459
584|790
278|V10
V62|305
280|424
V54|250
584|601
593|E946
292|250.02
707|807
276|250.11
V65|250.8
285|596
349|285
280|564
285|V64
401|522
496|459
794|203
785|728
340|733
787|414
996|272
620|458
204|427
276|311
648|659
424|V45
305|427
413|250.6
453|278
723|250.6
38|410
345|401
414|435
433|272
403|440
250|288
250.03|788
577|568
492|250.01
707|823
305|291
780|332
38|785
410|466
365|250.51
357|V58
611|413
428|253
599|996
42|997
250|795
396|404
518|250.01
196|170
428|337
311|272
790|153
585|280
486|382
571|E933
491|135
427|397
807|922
577|250.8
560|428
850|250
799|288
284|286
780|250.5
715|276
530|250.01
V18|?
808|280
507|333
441|427
496|443
410|411
512|496
250.02|244
428|920
458|458
581|250
496|784
202|?
250.81|V42
276|348
331|401
560|250.02
574|E933
401|553
825|250
733|94
E950|E950
453|403
780|312
518|492
780|596
V15|112
574|414
276|454
427|E885
287|41
250.8|496
486|250.11
250.12|535
455|250
413|459
V45|?
593|564
420|162
288|591
482|250
577|112
250.02|303
425|785
250.5|599
493|402
250.01|411
490|414
305|813
998|440
456|456
348|414
996|E878
427|560
507|295
305|571
436|401
599|311
286|413
584|225
599|516
780|758
496|620
278|54
403|E932
569|568
416|426
707|70
250.5|V58
584|250.7
496|253
453|397
250.01|790
280|585
208|278
198|401
755|815
424|593
578|578
427|338
873|427
293|496
709|782
276|742
416|412
421|790
357|369
266|396
E878|414
250.92|424
710|517
250.41|276
425|253
680|496
300|294
584|41
715|401
276|681
424|278
153|401
204|625
V12|401
414|715
410|250.01
428|197
710|599
723|337
577|535
730|402
438|403
432|342
295|296
601|V55
250.8|294
403|784
428|813
401|V86
733|428
792|250
788|553
614|V45
785|V12
440|250.8
682|413
557|428
810|E888
443|707
295|805
491|447
825|E849
428|162
250.12|304
250|V13
707|162
8|250.6
427|V43
285|571
456|70
276|157
577|438
512|427
459|272
296|V17
785|205
293|V43
959|E906
244|443
585|41
42|272
136|V43
491|287
608|250
280|786
403|429
294|991
491|519
789|790
424|349
584|396
279|496
250.03|V45
286|710
276|197
38|250.03
850|852
453|358
V58|401
E878|41
812|250
276|998
135|401
276|203
742|427
910|E885
295|599
427|41
197|997
250.03|309
189|199
515|V10
V58|427
807|296
782|715
349|293
493|425
424|729
276|457
291|305
V58|V10
426|411
996|785
780|309
790|358
319|799
719|E880
276|261
593|591
485|599
584|511
411|438
473|250
786|250.01
284|250
250.01|664
304|519
861|865
191|401
403|694
434|788
493|722
428|286
V12|V49
599|821
250.6|?
428|250.8
287|V43
162|287
569|427
515|496
682|515
403|250.03
35|41
276|E942
403|V12
288|131
424|564
V42|250.01
V18|V17
153|?
493|79
780|724
440|424
E942|427
402|477
427|571
424|250.03
427|592
301|295
196|780
707|425
750|599
250.8|V58
682|458
285|290
153|199
453|197
340|617
250|296
250.51|414
401|493
70|530
426|781
401|696
287|412
428|696
365|401
518|340
401|728
424|730
250.43|403
996|427
789|285
625|614
733|716
453|276
299|250.83
352|493
70|250.01
154|428
536|250
203|496
825|824
250.01|416
434|518
584|998
79|790
250.82|997
496|188
577|578
486|492
427|250.51
250|112
403|435
E849|402
8|196
402|492
403|790
250.92|E885
296|493
303|338
685|565
428|535
440|905
411|410
204|424
250.6|250.43
996|496
730|401
492|707
780|729
598|605
414|584
426|?
710|305
789|585
584|250.42
783|788
304|250.02
E885|250.01
996|584
599|616
403|250.7
250.03|V58
566|401
599|E880
295|491
255|?
518|284
707|38
574|38
780|727
507|486
250.8|E932
296|E849
721|V45
599|781
780|562
403|425
94|250
851|518
410|E878
786|V10
518|515
552|518
799|707
574|716
162|784
486|412
568|427
197|518
574|272
733|905
250.02|V64
786|338
250.4|585
285|347
782|578
556|280
293|250.02
356|250.43
253|250
558|722
560|585
250.01|309
292|435
868|958
250.8|404
272|599
996|607
250.82|707
413|591
920|924
574|568
211|414
710|402
443|294
402|250.02
553|V85
560|568
493|397
151|197
278|244
255|250.8
413|491
627|V18
785|996
424|585
560|250.92
516|162
401|458
411|278
682|110
730|711
294|493
E849|E966
250.93|428
250|459
378|250
311|290
282|250
368|780
211|535
250.92|278
403|185
577|782
250.01|493
789|783
518|250.12
413|250.92
250.02|659
556|285
491|616
466|518
293|784
491|244
496|E947
250|332
284|789
599|E950
276|317
601|250.01
250.01|656
322|38
E937|V58
401|250.83
492|788
599|250.12
276|465
434|428
441|276
162|112
780|V49
42|276
784|V45
591|997
250.11|487
348|907
250.03|784
588|276
799|305
728|250.02
275|311
807|276
411|203
780|V65
250.92|38
594|788
266|428
599|280
250.01|V27
305|564
276|V44
458|293
183|276
648|250.83
250.6|250.12
715|782
425|440
780|331
518|459
250.02|425
730|250.82
491|578
998|618
462|?
414|794
682|94
438|414
250.92|183
276|250.31
998|599
584|530
294|428
304|357
756|250
250.02|641
997|340
218|250
204|284
V15|473
287|285
E821|250
342|V12
8|788
285|340
425|425
285|537
250.6|922
305|250.02
V85|465
493|162
730|496
590|595
807|E885
524|584
788|424
424|736
585|788
625|401
276|600
250.53|250.6
305|V15
410|E885
491|560
276|595
569|710
465|344
282|458
189|511
794|288
881|296
518|398
453|?
286|458
276|527
496|266
860|250.01
599|286
710|202
285|747
707|332
303|438
575|535
998|250.6
599|138
295|305
745|250
424|571
162|507
456|305
70|70
491|416
250.02|595
E905|250
682|440
788|250.01
261|276
150|414
584|E947
8|278
790|491
728|250.03
428|386
70|V42
287|426
V08|401
250|211
401|V42
491|996
424|584
V18|789
625|218
338|250
285|453
577|250.1
577|274
584|250.1
112|272
536|558
438|333
788|433
174|508
440|425
424|288
198|192
584|296
275|250
794|359
276|337
162|799
533|250
281|414
785|780
576|427
412|593
799|786
924|E917
788|598
707|443
305|272
516|276
411|584
610|401
969|780
202|276
805|496
319|250
486|287
585|588
486|733
584|578
458|414
244|250.6
593|311
41|250.43
455|455
648|997
490|593
616|626
250.13|486
368|250.6
682|261
211|455
733|780
585|440
574|584
303|427
578|414
486|789
486|303
674|250.01
295|311
276|781
599|790
560|790
196|553
465|250.8
292|E885
733|805
411|492
429|250.5
578|807
414|433
997|486
799|303
427|394
411|250.7
401|721
295|V45
263|285
300|780
999|567
682|250.7
403|453
V58|272
217|401
584|266
414|425
401|518
296|278
250.51|244
282|244
577|250.5
155|491
428|5
795|530
493|721
250|287
413|443
276|E884
E814|E849
584|250.21
680|709
584|458
250.82|493
250|373
599|344
730|443
263|401
202|293
577|575
682|486
447|401
250.01|578
733|427
38|285
591|787
823|276
707|736
280|250.51
218|568
487|585
305|342
998|250.02
789|V58
340|784
250|413
157|V45
V66|250.02
412|250
599|511
E935|250.4
491|V15
585|70
358|790
552|486
280|581
295|493
V45|250.8
592|404
578|486
486|38
682|958
275|712
276|382
333|496
718|401
255|593
560|452
783|787
577|733
285|250.51
425|332
250.01|70
599|E932
284|276
250|664
785|250.4
425|185
599|620
276|290
250|642
584|275
250.03|511
790|486
156|198
411|250.51
427|710
719|41
682|906
599|253
428|446
680|414
459|401
410|208
250.01|304
414|733
295|278
413|564
998|411
331|41
490|530
250|490
701|V18
276|410
486|259
438|250.01
V42|523
586|782
425|578
205|428
250.02|197
398|425
728|250.92
285|492
79|V61
250.33|584
285|812
311|970
599|473
788|724
38|731
423|511
255|560
V15|305
945|E924
431|427
996|250.01
786|238
716|737
424|V49
250.01|996
721|413
250|E919
531|530
496|426
303|440
496|202
250.03|428
531|E935
427|233
455|211
998|788
730|998
250.01|426
V13|250
995|327
627|244
424|566
348|342
997|438
276|356
197|250.92
425|786
782|425
285|443
585|V15
202|428
250|784
481|41
599|290
434|599
V63|414
487|482
557|569
486|344
285|564
250.6|250.83
276|358
511|788
436|437
397|417
V63|401
300|272
250|V17
250.02|382
438|276
428|737
820|865
276|533
250|710
578|294
486|426
585|998
485|250
717|414
?|591
584|799
E942|276
311|332
789|786
428|250.03
202|458
E885|171
272|362
V45|263
585|162
438|428
E878|250.02
300|787
852|599
424|518
250.02|311
599|411
496|998
306|493
E934|496
214|250
780|E950
578|530
573|571
280|244
592|592
437|V42
276|250.93
491|V45
250.02|E884
786|411
571|491
444|197
287|411
414|185
402|427
413|787
305|560
276|462
710|515
590|515
998|218
512|591
263|304
596|599
840|285
280|614
728|799
996|530
250|573
614|401
380|401
250.32|276
250.41|414
599|250.8
599|242
453|616
458|780
919|E885
413|250.41
292|486
426|496
707|424
424|244
552|295
788|496
V65|?
276|284
784|428
413|255
998|428
515|333
752|?
998|496
424|287
578|458
250.01|284
196|340
428|311
782|511
532|287
799|185
496|250.42
250.7|440
571|286
730|453
V54|599
560|511
403|441
162|511
681|707
780|274
E881|250
250.92|287
424|578
V62|301
996|280
730|41
852|E888
276|373
496|V49
996|996
276|891
205|276
794|785
466|493
V43|414
304|304
591|250.02
427|404
473|401
287|789
404|491
428|202
707|790
710|714
342|592
571|574
403|535
424|553
722|280
786|294
799|434
562|428
733|278
789|599
585|250.53
402|V45
788|250.82
V85|?
496|V43
599|292
572|486
112|250.12
620|788
204|202
250.83|737
250.82|112
435|428
496|311
402|276
345|250
V58|616
558|414
435|786
784|626
530|787
426|250.01
262|197
604|250
414|410
276|291
276|122
598|403
507|578
250.82|V58
611|401
786|V45
780|787
567|569
301|401
250.02|785
723|276
250.03|646
496|263
437|412
517|515
250.83|996
250.03|492
276|386
486|462
250.02|616
38|250
715|414
458|281
E965|E849
300|319
V15|V61
428|300
295|574
682|280
250.8|357
250.03|681
780|346
276|435
496|E881
461|276
398|745
424|786
518|410
577|V42
415|722
250.12|403
348|486
788|596
411|790
250.03|518
V15|V70
730|785
456|285
788|569
440|V58
250.92|41
780|507
958|250
250.83|250.6
411|343
252|227
38|403
250|569
V42|414
196|453
276|E888
601|401
574|V85
799|411
196|518
535|578
648|646
285|696
496|996
403|710
286|428
250.02|487
787|E947
427|189
558|204
153|492
413|285
567|599
750|414
486|112
250.41|250.81
996|334
707|327
696|695
245|252
425|788
440|276
351|351
573|174
995|403
788|998
250.02|531
277|250.02
648|424
403|203
590|280
425|197
V42|250.51
V58|584
620|414
733|242
344|41
427|999
585|V43
873|922
782|309
V85|425
295|295
205|585
38|682
250.01|786
787|244
599|250.4
691|112
807|E888
486|569
723|781
276|726
511|515
305|292
403|789
866|861
196|788
496|593
805|295
682|V10
V58|250.53
250.02|V43
286|496
496|E885
789|250.6
427|784
E885|401
162|491
245|401
202|584
250.6|250.53
V58|V43
733|438
413|536
250.02|V85
780|435
614|285
585|V85
620|599
453|518
599|597
E944|780
585|V10
466|584
283|569
344|240
8|785
276|202
805|840
493|731
567|790
496|470
276|156
558|250
456|453
172|414
425|41
250.41|780
799|585
276|240
592|252
203|427
250.01|715
492|428
786|787
250.6|294
286|250.6
999|410
304|162
486|348
441|425
250.02|201
577|293
567|574
567|250.02
296|710
882|E906
550|311
682|704
571|593
E932|285
518|348
428|453
280|250.01
280|553
413|721
E878|443
331|?
203|473
250.1|244
443|250.6
410|402
428|38
280|425
627|250.6
413|V58
780|966
162|414
250|458
424|799
599|396
557|707
427|569
852|E880
428|574
427|429
860|568
E878|250.7
V42|162
337|427
285|411
253|401
710|250.5
437|312
250.01|997
424|442
410|250.7
E849|250.6
255|401
816|E812
250.81|250.7
435|272
496|815
250.8|433
569|250.01
259|250
250|131
411|295
682|493
292|425
427|725
599|799
415|312
E878|E849
486|410
728|274
415|401
682|745
435|438
682|287
458|787
578|331
369|370
590|591
577|997
287|458
358|496
486|458
707|261
416|250.02
995|490
V85|535
284|70
410|250.02
174|599
250.6|719
599|719
962|E858
576|577
731|707
197|496
558|790
784|293
357|250.6
728|785
202|496
V43|244
428|V58
780|478
593|272
276|343
722|585
250.02|287
415|584
112|79
616|620
428|E888
575|553
465|490
250|616
38|250.81
682|250.8
424|E932
280|235
590|285
599|305
415|V85
250.11|647
198|788
153|272
493|296
562|295
250|V09
574|575
414|440
427|162
427|506
188|591
805|250
V63|276
682|337
250.42|496
250.8|E849
162|535
437|438
557|562
276|446
995|577
458|428
453|401
197|250.02
276|281
784|305
250|331
250.51|250.41
444|496
250|70
305|492
869|E892
E879|411
8|285
263|E939
284|295
288|E849
287|786
552|280
996|435
304|723
404|425
342|368
784|780
785|427
250.02|282
284|456
413|403
V85|560
573|280
250.03|304
255|571
250.01|911
584|287
599|38
250.11|287
599|438
425|782
584|783
287|428
599|300
285|278
204|276
358|244
574|278
287|250.4
250.02|218
781|438
250.4|404
579|250
250|693
786|491
518|733
292|465
808|276
599|355
250.8|593
250|729
515|V46
998|568
V10|V45
444|428
995|428
440|428
255|244
198|491
427|E888
492|710
574|250.01
401|790
276|581
291|250.92
733|722
572|571
575|558
860|250
562|276
780|292
250.01|174
238|276
202|204
583|427
354|959
584|286
996|413
593|296
648|285
250|411
820|250.01
250.02|359
250.13|785
270|414
806|584
536|288
242|585
411|250.5
486|250.6
342|333
721|342
462|401
V42|416
486|465
785|250.02
250.02|252
287|331
285|208
799|250.82
396|E927
189|250.8
111|?
153|280
38|250.01
486|411
303|311
250.02|789
516|458
V49|403
707|416
924|250
493|599
453|682
332|722
785|250.81
780|333
571|425
682|597
198|496
250.02|560
784|427
38|250.7
135|250.6
155|275
V58|496
428|357
250.01|V15
780|591
693|276
356|?
307|276
424|41
599|600
223|486
V15|315
286|250.02
428|?
250.6|733
197|591
585|288
197|276
496|611
599|435
788|E888
599|437
250.92|V58
428|564
492|784
250.02|203
250|290
428|250.41
94|707
348|998
414|250.52
E888|403
443|782
250.82|568
788|428
203|780
250.52|244
560|518
574|576
327|272
324|263
682|523
780|731
441|401
722|727
203|401
486|152
584|332
337|428
403|211
493|235
805|427
459|285
401|275
562|211
794|723
413|305
290|353
558|558
451|401
438|715
285|518
153|491
404|584
426|599
721|789
820|285
276|250.82
416|553
305|E849
905|E929
410|788
E878|202
42|250.02
70|446
427|490
584|250.51
346|?
560|567
707|447
490|714
491|441
348|576
790|287
711|402
250.8|428
585|486
492|V43
997|403
510|38
218|401
250.02|312
250.01|681
577|303
441|492
998|864
250.11|682
272|564
530|441
434|432
607|412
404|599
496|V46
242|401
250.01|646
486|198
250.01|V54
680|693
250|292
616|625
421|585
211|41
542|250
413|287
998|543
V45|272
340|250
427|163
197|151
202|728
V17|401
870|802
456|53
250.03|787
250|218
38|998
285|V54
558|211
807|729
569|496
571|263
733|707
250.13|V42
785|425
567|135
40|707
577|357
518|577
403|564
295|792
682|948
426|518
553|305
V12|305
585|412
781|724
250.01|348
785|250.82
V85|402
255|733
723|518
599|507
486|682
496|294
198|250.5
427|V12
425|112
789|733
242|250
575|555
E942|572
576|135
250.4|414
581|486
453|307
285|714
250.6|493
558|562
V42|790
577|486
531|263
510|250.6
250.03|786
530|574
340|493
719|V49
285|V45
348|305
433|424
202|562
599|35
199|276
403|250.41
305|278
157|285
562|V12
788|578
707|?
202|411
38|426
780|710
250.03|780
574|135
923|E885
276|537
496|997
441|496
411|275
414|562
591|590
780|512
780|611
242|241
110|319
303|518
275|401
250.01|660
821|E812
796|250.6
493|292
729|780
413|412
198|427
891|E818
396|402
780|E854
599|E931
424|?
E885|492
428|531
V85|710
599|724
401|733
180|401
255|558
787|784
198|189
532|535
780|E932
995|486
596|41
710|707
424|807
496|E935
786|424
790|250.02
410|285
682|731
496|290
411|250.03
431|518
290|332
581|276
585|295
295|569
250|416
493|413
250.01|737
V45|244
414|789
285|486
642|250
438|599
250.42|593
710|736
V54|922
196|599
581|250.4
434|440
410|V12
577|562
305|244
378|272
309|305
492|440
348|348
560|151
451|959
722|354
344|453
428|733
648|250.6
295|515
411|303
799|112
682|917
998|403
296|401
250.01|V43
845|401
787|311
722|564
780|995
250|E947
427|920
E812|250
340|511
413|786
250.02|515
276|785
781|496
272|721
458|250.6
285|780
682|714
41|784
410|599
487|295
284|174
608|788
250.92|E931
733|425
425|410
296|301
780|250.02
250.42|427
282|413
934|466
155|401
873|923
781|250.01
494|447
790|518
577|518
428|714
820|410
456|789
396|585
276|250.42
786|250.4
780|250.7
826|E916
571|486
487|272
486|289
496|E931
437|276
E906|E849
920|202
415|518
578|790
250.43|584
250.02|V27
493|493
250.81|41
V10|530
331|250.52
590|428
426|998
250.02|411
569|211
721|401
995|482
V63|585
250.4|250.6
250.01|342
511|V10
821|401
821|285
278|272
53|496
V42|444
711|707
250.02|E885
997|410
428|250.12
413|250.51
337|V64
189|723
998|736
788|294
492|789
717|726
250.7|682
585|405
303|291
799|402
250.02|794
707|8
191|599
250.02|256
578|715
683|296
255|285
250|V86
808|8
567|153
722|518
574|573
276|416
285|729
425|458
280|8
491|496
E935|424
250.02|V17
584|707
482|427
995|348
238|585
518|583
733|196
574|790
722|403
591|578
571|456
435|782
189|198
920|E849
432|873
285|V10
157|496
592|296
403|286
595|250.01
737|250
285|410
519|272
681|443
717|250
250.01|301
511|250.01
492|577
560|402
202|V12
570|571
8|250
426|416
493|317
112|482
285|V43
255|300
414|571
V10|692
305|428
V54|733
285|250.52
295|923
787|V60
250|794
840|250.82
780|593
569|250.92
584|588
255|V58
427|386
482|516
788|567
V85|386
723|250.02
250.02|799
401|455
272|477
535|300
496|782
555|427
427|715
294|E939
799|530
451|276
425|459
799|414
780|719
411|682
852|8
491|786
799|162
996|753
585|455
250|306
444|997
496|507
8|E931
411|250.52
518|331
414|728
250.7|250.52
411|V42
432|486
303|295
303|437
E936|E935
250.02|908
301|530
785|41
426|403
682|250.81
780|424
707|726
273|276
435|V45
535|574
403|274
250.02|608
53|401
824|414
438|491
836|718
788|E879
482|416
596|585
198|411
507|263
153|424
261|805
793|250
70|493
457|682
286|280
276|552
440|412
562|558
8|250.01
250.81|403
599|596
250.8|E947
202|272
V45|V12
511|348
379|250
V15|416
250.92|490
411|282
567|404
425|574
185|250
730|263
434|584
292|682
786|402
242|518
681|727
E942|300
492|599
218|625
299|41
599|297
511|786
9|996
572|995
997|250.6
250.82|595
403|958
301|724
427|492
560|591
850|427
428|592
599|368
599|E849
284|196
414|729
197|296
536|403
780|270
285|153
250.8|486
428|297
686|41
250.7|785
41|496
413|595
303|294
416|435
444|440
486|291
584|202
285|305
368|784
816|824
820|599
70|309
999|464
560|486
799|V54
250.02|200
342|424
550|401
196|401
70|433
411|576
280|788
998|722
462|53
402|250.12
356|722
411|441
558|403
782|396
242|715
403|38
584|446
585|462
959|?
276|423
197|199
518|327
998|625
578|287
250.02|592
250|357
292|780
584|337
289|458
642|250.01
E935|250.02
805|876
296|250.01
599|575
413|794
791|276
459|787
403|411
403|493
285|246
403|195
536|V45
411|333
599|590
332|427
785|730
250.01|575
831|920
411|574
415|560
535|276
198|998
458|424
428|571
250.02|70
452|571
402|250.6
278|646
998|8
682|154
812|812
794|305
813|733
196|425
276|150
275|?
342|458
250.82|574
250|388
787|564
250.12|41
272|V15
524|41
682|997
E879|E849
250.7|428
41|424
362|374
518|272
556|8
427|8
780|8
410|997
162|199
41|535
486|722
486|42
707|459
401|112
599|784
250.83|V42
496|576
250|472
736|V43
486|396
719|272
V58|V13
348|250
463|780
784|368
291|112
424|396
250.92|389
585|V44
491|250.7
191|780
189|276
581|V58
203|425
427|300
276|250.81
836|715
250|358
812|V85
250.43|250.53
285|438
197|263
661|V27
342|V08
590|250.7
428|719
808|E881
304|780
305|304
433|331
403|386
784|250.4
780|553
496|710
512|799
135|786
790|780
420|733
250|782
805|850
274|401
518|250.92
514|427
250|228
437|298
599|V45
250|437
250.03|276
599|70
997|584
781|250.6
599|726
250.8|355
496|714
410|823
292|440
285|294
V15|414
276|174
435|250
336|344
V42|424
492|250.42
197|453
295|293
228|529
V45|300
276|792
285|627
V85|V45
276|283
403|396
413|782
569|780
424|785
435|276
112|493
205|41
850|276
578|456
314|301
305|562
280|518
250|174
518|466
203|284
401|785
250.6|V42
727|754
585|14
250.6|272
535|V44
557|414
682|567
496|415
706|585
250.51|426
38|507
780|E937
38|999
359|401
572|576
250.01|492
511|397
607|786
530|496
729|459
198|486
493|242
41|274
428|562
250.7|730
414|493
438|V85
305|300
584|716
424|562
250.12|410
592|41
397|394
496|112
785|295
332|799
276|53
577|305
577|599
427|781
996|578
250.8|709
331|787
486|250.42
250.01|556
507|518
707|250.2
682|782
263|70
V63|425
196|196
290|250
413|281
571|784
250.6|285
428|510
996|404
799|285
402|438
737|414
359|V46
496|592
512|157
250.02|402
411|759
?|E888
813|E885
250.82|730
427|250.52
272|276
997|618
314|250
309|303
496|751
250.03|621
244|338
296|411
707|293
183|440
382|380
599|153
428|319
753|250
647|648
879|E888
285|282
403|153
573|250.01
287|493
707|204
426|410
786|331
593|V15
242|684
820|733
427|435
446|530
348|250.02
425|203
250.6|591
535|723
250.13|401
585|716
922|923
403|562
781|729
403|290
435|427
205|414
573|789
280|618
250.41|250.6
719|250.01
189|584
250.01|663
455|280
280|569
250|V18
300|V17
570|196
396|784
594|493
553|530
434|402
427|434
424|300
E935|401
715|734
444|305
428|796
626|621
276|693
440|E878
530|786
788|443
780|433
250.92|907
280|E932
569|280
789|578
V63|707
V42|250.8
252|593
403|426
410|578
719|721
569|250.02
276|783
70|786
730|728
250.01|564
785|8
787|E932
805|923
493|745
337|730
112|E942
41|211
999|496
790|250.51
868|305
425|278
205|427
278|781
250.52|285
585|569
263|250.03
305|790
599|198
507|V45
707|V12
781|799
571|414
432|414
250|366
402|250.01
162|512
428|715
511|707
516|428
518|453
337|403
519|875
998|E879
573|336
728|424
238|840
250.11|303
V42|574
428|196
496|331
756|401
112|466
357|337
481|584
491|473
403|V49
70|E933
621|496
250.52|250.6
560|569
486|593
250.6|311
E878|584
728|41
785|305
453|202
41|725
536|560
250.6|V15
574|411
38|427
444|285
627|752
510|511
616|614
402|238
426|584
79|787
244|276
594|596
250.5|250.01
V17|250
999|250.01
396|511
705|250
794|272
491|272
250.01|642
410|8
428|E878
443|441
569|733
183|250
403|250.52
493|490
250.02|112
E928|250
402|443
486|197
682|596
531|535
648|282
575|568
250.03|535
410|440
285|174
790|585
959|250
424|715
786|518
250|582
205|250.4
197|401
250.52|362
250.6|41
420|555
403|567
785|288
707|595
540|425
162|401
250.01|250
42|?
293|250
496|E878
496|208
250.13|428
250.01|277
E931|414
719|V58
208|285
250.13|435
496|842
396|424
272|250.4
599|586
304|V12
560|250.42
682|396
174|250
496|995
401|250.52
562|486
728|287
585|786
272|294
250.03|659
250.13|41
202|V62
250|346
794|V17
135|425
250|996
41|255
518|263
518|V46
453|707
788|295
70|V15
682|242
428|745
414|716
V46|250.02
574|404
299|780
428|728
V45|787
277|486
435|285
250.92|403
38|518
295|571
596|428
438|959
285|532
510|446
250.02|730
496|8
162|789
425|571
478|787
335|368
357|280
799|250.6
8|203
780|726
493|782
491|562
250.02|532
E853|780
585|790
424|E880
136|E878
284|780
493|250.11
42|112
250.01|402
780|E888
572|572
511|411
250.01|438
250.02|79
443|272
446|287
295|560
426|70
244|786
723|V15
491|402
728|295
428|250.5
276|243
799|7
250.03|496
496|618
297|298
250.82|461
658|V23
998|593
441|584
842|E956
496|284
357|250.7
E928|E849
799|E935
250.41|758
309|412
280|287
154|V44
305|362
275|309
250.02|459
787|389
491|413
153|427
276|741
795|786
401|E849
808|808
782|782
496|627
250.92|V65
E947|599
V65|780
491|995
576|276
427|558
311|401
577|511
414|V58
204|577
348|410
276|731
799|V45
515|458
155|203
730|681
493|V45
435|443
250.13|?
482|733
E885|250.6
482|V09
250.8|780
453|455
251|250
780|794
459|457
423|414
644|648
518|413
416|934
682|357
285|196
440|290
427|277
V63|578
403|458
362|185
790|272
599|317
E942|414
197|?
710|786
584|577
E933|?
784|276
608|8
560|E878
569|250
250.6|E933
413|562
799|401
423|998
413|518
433|784
493|959
250|721
492|562
396|V43
416|425
401|345
250|781
413|295
789|305
491|453
733|426
203|599
493|707
291|250
723|401
437|428
250.81|599
414|238
736|427
280|558
599|433
486|998
648|250.02
585|442
802|801
276|266
790|V43
536|8
250.13|340
293|996
289|401
576|574
218|280
787|536
591|185
296|272
250|356
411|E942
496|722
272|585
425|429
401|V43
780|327
276|273
724|250.6
599|V64
486|423
E888|331
70|285
295|518
412|294
591|596
250|368
455|562
285|625
287|455
276|384
340|491
197|331
162|327
151|112
250.92|266
425|909
466|786
599|730
882|401
845|250
250|591
E927|E849
473|274
79|250
785|402
?|496
401|9
290|596
250.02|729
403|560
518|560
786|255
511|571
998|996
250.81|780
571|518
401|695
707|998
276|110
204|491
250.02|642
V86|780
411|189
299|493
197|272
507|414
250.01|294
958|428
276|570
715|V12
710|41
442|401
41|530
492|244
?|703
428|V12
724|715
250.8|285
569|707
196|162
204|287
411|288
V08|276
300|301
331|724
250.01|511
997|293
284|285
427|349
459|459
285|281
112|578
560|410
576|518
711|996
578|424
599|293
V42|787
174|512
8|579
348|285
296|530
250.6|786
E932|294
511|300
276|823
807|E849
808|805
135|722
357|682
799|736
152|707
821|275
486|490
799|70
V45|278
733|568
427|196
276|250.52
162|555
574|492
285|288
680|250
781|781
447|250
250.02|416
386|V12
491|485
396|496
719|729
293|294
331|V58
560|174
197|512
599|340
567|560
278|427
285|355
575|574
852|851
786|38
V85|530
V10|311
242|723
434|736
411|458
458|305
794|784
414|600
427|995
707|711
287|437
453|453
188|788
805|511
424|560
568|789
250.6|358
250.11|305
300|250.43
189|585
V42|250.4
491|756
585|?
E888|362
486|413
253|276
E849|428
287|590
276|199
599|723
V45|780
135|729
438|41
844|250
496|873
710|729
284|572
780|344
150|70
299|250.93
784|294
V85|493
401|295
421|427
70|295
V45|410
276|490
278|296
426|E942
590|205
574|705
415|444
711|250.5
428|V54
456|414
276|E819
250.02|753
293|412
584|590
?|278
255|276
311|?
286|753
70|518
197|486
401|365
42|78
581|571
34|244
V17|?
305|287
280|242
V15|V12
276|286
599|721
428|340
285|293
162|300
285|295
491|38
581|780
458|433
724|338
999|999
287|300
786|V12
577|576
625|346
507|599
340|414
518|568
277|401
411|284
303|300
799|135
780|304
998|250.82
276|274
250.02|648
585|458
576|250.4
V45|V43
507|787
996|493
286|511
577|162
250|246
250.83|536
530|403
250.03|307
574|250.6
112|780
584|789
285|250.03
496|E849
730|V09
305|453
507|401
718|E878
411|482
198|V15
V43|E927
478|518
427|415
197|491
441|428
276|512
427|E932
300|290
718|250
599|196
786|250.9
496|282
250.01|620
250.51|553
250.22|493
733|530
560|996
600|601
617|614
357|599
451|707
997|428
286|V58
427|733
850|496
250.41|250.7
432|250.5
401|507
303|715
705|619
799|410
307|496
807|807
785|998
796|E942
401|250.8
786|716
790|250.82
807|845
756|722
250.92|715
287|397
682|625
E888|802
443|V58
402|466
459|41
E924|682
285|905
424|296
E885|486
788|601
571|576
707|305
518|782
79|278
427|745
305|696
401|413
707|710
411|593
340|788
250.53|250.43
566|250
327|250.6
493|410
250.41|593
428|569
401|440
V45|V58
378|374
574|784
648|250.03
585|444
428|203
198|721
263|923
577|595
572|285
411|397
995|250.8
411|411
496|781
682|256
781|996
411|V85
425|285
493|338
438|733
V45|V17
799|515
707|E932
574|998
820|496
707|924
250.92|786
560|294
285|738
486|784
682|780
515|396
581|250.52
203|998
491|494
276|455
923|278
428|519
112|70
616|617
295|425
403|431
202|250.6
707|825
780|E944
578|41
552|250
730|250.03
789|486
285|284
411|440
515|115
376|250
E919|354
998|401
998|515
110|403
250|583
41|8
250.7|492
707|309
250.6|642
486|300
456|707
8|112
250.01|998
425|242
491|564
512|V15
250|478
295|V58
410|425
411|820
304|301
303|696
648|644
584|153
428|494
227|401
427|717
348|202
38|272
250.8|V45
868|E885
198|568
996|784
198|285
286|571
433|79
560|535
250|V62
427|570
286|276
250.8|?
420|496
486|987
536|250.02
V85|466
278|519
585|453
584|788
V10|294
276|719
250.13|112
401|290
250.02|716
591|433
425|558
427|996
349|599
410|424
435|280
515|486
275|238
441|553
250.83|342
250.01|727
287|595
584|263
785|278
398|285
401|599
788|788
429|276
250.8|250.6
785|438
415|496
41|593
496|562
576|197
410|780
568|285
786|799
569|414
707|713
648|V58
577|553
997|590
342|438
995|281
593|585
250.82|8
V12|V58
781|250.82
413|396
599|135
787|110
646|250.02
V85|285
456|303
592|599
496|416
V10|V44
535|786
562|780
427|E935
280|440
401|490
136|311
?|331
250.41|250.51
153|997
242|428
425|V12
295|275
570|577
836|424
456|571
707|458
250.6|813
518|868
682|293
644|655
998|905
42|402
518|574
585|E930
?|530
456|E885
821|250
7|7
810|812
996|682
442|496
562|578
244|278
198|250.6
518|161
413|492
?|959
585|250.52
332|428
562|716
365|250
801|496
434|378
791|382
250.8|682
682|491
591|425
453|53
491|303
V42|536
998|296
250|533
8|304
8|275
345|276
910|E819
625|285
250|242
V42|284
852|873
428|905
411|286
413|530
250.02|574
239|276
E942|786
404|272
537|599
710|427
277|414
250.8|440
577|287
V42|997
466|780
197|531
197|V66
428|790
492|444
511|285
535|41
V72|616
335|518
682|250.92
305|412
707|260
682|425
496|V58
585|411
578|310
250.6|416
486|515
569|578
200|780
276|733
599|569
584|558
780|998
460|785
218|626
250.8|V10
584|V42
196|153
573|V10
453|250.6
284|203
345|250.6
305|599
577|291
599|332
286|403
599|608
682|733
438|331
323|41
V85|305
42|286
919|789
584|112
738|401
436|403
511|278
203|453
492|782
284|593
425|562
486|577
292|969
816|E888
786|303
427|211
377|428
250.02|38
425|511
808|403
560|278
V10|411
285|188
295|342
648|401
357|415
590|112
311|V15
590|401
250.12|401
288|577
196|427
560|263
424|493
316|692
197|280
592|648
482|511
428|250.7
250.52|250.7
453|272
162|453
411|250.92
715|921
996|486
250.7|414
154|780
8|787
553|532
394|397
250.81|785
197|278
585|451
745|428
V02|V09
401|242
558|787
V58|250.01
155|E947
682|263
250.8|305
428|V15
8|593
424|E878
340|518
244|280
441|441
150|197
478|528
V15|V10
250.02|V46
681|41
204|813
401|300
289|780
250.92|948
E932|414
434|413
378|378
250.33|276
357|780
555|263
496|787
395|414
562|285
847|924
682|V09
433|V58
530|531
422|425
416|278
154|250
117|V43
250.52|276
250.02|719
425|733
413|729
788|41
250.42|786
424|714
272|250.6
466|414
528|401
810|861
202|453
394|496
756|414
214|305
288|437
496|308
280|780
E880|873
404|427
492|433
424|998
780|343
784|E935
272|728
715|V45
706|250
404|250.53
681|945
V15|412
276|282
V58|311
250.03|274
590|564
174|198
781|V45
724|496
E885|285
456|572
787|729
311|309
682|250.82
595|250.6
411|562
250.01|794
807|250.01
250.41|428
276|723
682|620
410|794
438|290
196|289
428|420
202|250.8
711|696
424|340
250.82|731
692|250
411|535
575|599
426|782
428|288
300|276
250.03|789
250.01|518
444|447
250.01|782
401|280
585|447
287|462
E885|496
138|250
292|250.01
250.02|810
780|873
250.52|357
340|729
V15|272
285|790
250.92|402
440|250.01
284|238
250.83|780
558|285
728|402
997|432
252|530
250.81|428
250|188
507|493
560|38
411|300
?|V45
276|576
446|496
427|391
515|492
781|305
V58|457
250|659
306|306
283|250.6
496|591
280|789
196|507
401|343
433|342
794|412
535|250.6
250.6|918
V57|V43
560|575
584|79
578|203
426|512
682|416
466|244
728|285
38|996
786|585
V43|719
E885|840
782|780
560|496
995|38
790|263
427|800
242|311
595|250
403|244
453|342
515|357
278|600
780|V46
599|V58
518|824
V42|420
294|296
250.91|V27
250|486
574|518
250.5|250.4
501|272
V45|70
456|284
198|729
617|626
V85|380
276|461
250.5|70
290|348
491|790
250.8|293
V57|V54
401|V16
787|780
294|285
724|332
511|250.02
823|873
204|433
969|E980
805|296
398|397
153|250.8
410|491
250|275
202|199
425|696
707|436
332|783
599|556
280|135
112|426
558|569
537|427
785|303
591|617
522|401
42|305
250.92|426
280|250.8
729|781
263|403
250.01|719
787|V45
560|V44
V46|305
519|491
112|427
201|493
729|272
79|280
568|311
250.2|599
980|E950
864|401
424|522
496|733
427|447
V42|V45
196|278
208|414
E812|786
440|584
507|491
578|747
515|402
250.92|250.6
626|626
516|112
599|924
427|625
428|250.81
604|564
728|272
303|780
478|591
276|250.5
782|286
174|434
250.43|581
581|521
799|250.52
836|E928
788|V45
278|617
512|199
682|?
285|E818
596|998
413|250.8
486|574
649|250
599|745
997|807
492|794
250.42|428
135|584
491|250.43
426|412
682|574
V58|V49
276|309
410|263
V57|427
721|433
410|555
V10|412
428|866
496|354
424|250.52
681|403
E885|813
780|443
250|345
357|250.52
250|620
413|E884
814|285
486|416
784|782
584|562
620|250
401|555
432|428
250.01|721
250.02|728
E939|296
599|487
786|412
780|564
250|342
250.12|295
E937|E849
250.01|280
250.52|584
286|305
496|397
997|682
250.42|583
681|V15
680|V64
250.01|883
518|38
574|227
275|303
373|305
486|196
486|V10
682|V43
996|300
723|782
250|599
813|998
478|486
250|736
518|250.8
783|211
495|202
518|784
E819|250
196|288
280|707
553|278
278|V85
250.01|425
403|E947
305|789
162|416
250.02|482
560|491
250.13|250.43
250|369
295|301
344|139
403|198
285|621
787|455
542|401
562|496
403|787
788|403
496|279
280|626
250.11|272
490|493
V85|707
825|401
811|E816
785|577
287|250.52
E942|780
522|274
564|V45
413|501
722|998
578|574
276|300
250.01|473
262|276
682|V44
112|556
955|882
260|416
682|581
250.6|681
785|?
816|E849
998|E870
288|205
507|250
682|447
197|244
319|521
348|331
726|250.41
491|593
348|V42
786|473
782|?
272|288
311|305
410|E935
518|618
511|714
788|53
596|250
572|151
250.02|781
112|799
250|656
429|427
272|459
317|343
486|70
995|566
424|386
515|424
V62|272
995|780
521|401
278|599
410|511
V15|742
493|648
518|358
788|591
427|712
652|656
287|355
440|285
496|135
437|403
492|591
493|564
645|648
403|491
998|433
576|414
733|413
34|918
396|250.02
524|E812
511|281
427|V10
291|780
584|282
511|453
151|453
357|414
296|780
707|794
295|496
577|41
781|403
492|V58
425|465
250.52|427
996|730
V85|250.92
626|401
802|923
197|250.52
569|250.6
401|681
780|783
287|682
558|250.01
379|E878
301|722
153|E934
569|411
292|585
427|851
285|758
785|486
403|533
250.12|V65
574|303
998|560
443|491
278|627
733|332
425|V10
518|569
724|272
E885|722
220|272
584|V43
403|537
38|203
518|V16
300|716
425|70
789|424
250.5|447
581|428
427|70
491|V65
280|434
736|244
585|303
424|413
276|250.51
295|789
V42|707
599|725
V42|244
496|455
424|412
812|E888
250|298
250.01|799
304|724
V85|511
584|49
441|287
789|789
648|278
518|280
340|344
280|E935
204|913
781|794
428|8
250.11|535
8|780
250.13|V58
429|425
427|694
591|365
340|584
202|281
524|525
437|923
250.4|311
473|331
730|250.8
112|465
432|426
591|780
601|599
428|721
250.13|252
280|458
536|789
250|295
473|470
420|411
196|211
432|E812
596|403
599|537
397|276
707|593
285|734
808|E885
368|300
250.02|844
250.8|531
401|782
357|338
424|250.4
599|519
250.81|?
331|518
482|280
289|V12
577|250.01
791|250
521|250
574|786
294|787
285|709
425|530
V45|788
787|E935
566|250.4
255|253
250.01|404
490|733
599|733
427|255
453|396
E934|427
996|786
593|493
198|V58
706|41
784|414
434|250.02
413|79
V42|428
414|719
292|309
584|536
426|486
162|250
569|493
808|496
585|997
536|577
117|?
513|730
337|536
70|780
424|707
250.01|694
425|518
286|714
494|250
511|250.4
493|250.03
272|402
530|790
414|250.92
998|426
41|294
250.02|723
204|403
189|250
780|250.8
571|751
V10|272
233|553
592|276
276|E938
786|V62
996|447
150|427
250|461
799|V46
276|997
482|458
425|799
135|272
584|686
285|218
599|566
515|710
289|244
295|250.8
253|278
413|V10
995|250.82
998|250.5
707|V02
284|403
198|596
250|281
871|401
404|436
303|280
41|707
280|280
515|E885
250.01|8
562|599
718|715
250.12|996
404|250.6
719|E888
555|250.02
591|278
204|414
282|780
733|719
38|425
E935|250
424|286
575|285
403|332
596|437
E888|719
511|198
250.8|571
305|953
79|493
285|413
456|427
312|317
596|285
883|716
428|579
V58|294
682|443
250.03|882
430|340
250.7|250.6
599|458
348|733
530|414
444|823
202|787
453|188
285|996
682|996
250.02|705
162|284
356|285
285|784
611|724
250.5|272
785|286
394|584
135|715
596|272
873|250
500|401
443|250.5
250|725
820|276
574|228
486|263
411|250.43
397|518
478|305
780|E947
980|?
197|492
252|780
996|396
789|112
514|425
250.13|424
486|788
518|562
438|799
8|250.7
276|E904
401|717
425|789
413|153
552|427
285|736
305|V18
530|338
250.01|287
E939|E849
414|535
250.12|205
958|730
291|518
283|564
787|715
715|714
413|E917
282|275
569|8
202|571
395|729
786|553
250.92|574
996|V45
996|711
250.01|617
276|873
718|718
204|288
197|682
473|780
250.01|607
E880|401
648|250.41
787|786
34|?
711|731
E933|197
288|333
272|493
332|596
250|252
292|E939
276|259
340|595
250.02|997
785|560
198|414
287|403
785|V45
711|682
515|784
997|276
591|331
287|V09
V63|42
799|518
724|?
453|287
656|250
998|V64
599|202
250.6|825
428|514
424|511
719|905
250.11|250.6
576|496
197|287
599|182
345|996
292|428
38|512
599|338
729|438
780|486
491|250.82
599|203
780|924
280|593
438|188
728|924
416|285
461|401
303|721
E939|496
599|916
475|401
162|208
591|188
599|250.42
786|790
785|180
285|536
923|719
V62|493
340|996
728|599
411|415
786|280
577|582
496|478
250.41|492
424|250.6
276|443
530|536
250.01|150
805|403
434|507
198|170
425|E885
298|401
491|198
591|250.03
179|250
511|394
531|285
591|719
911|916
287|303
577|211
515|416
112|250.01
585|580
242|414
250.11|511
53|250.6
682|799
340|250.02
293|250.01
592|496
280|536
578|710
518|593
432|250.02
V45|413
331|357
292|599
787|553
519|428
250|E881
250.13|782
486|510
250.13|649
562|787
428|70
402|278
786|578
403|492
512|492
492|V45
425|397
414|492
455|428
441|272
821|825
41|348
424|997
512|401
823|438
414|998
277|117
204|255
274|250.9
530|79
263|112
805|202
733|731
710|716
910|916
799|41
401|V18
154|276
799|V58
421|996
204|593
294|250.6
995|153
486|319
401|70
564|300
599|E930
V15|V15
340|596
425|593
110|692
820|780
295|300
575|38
593|780
536|401
785|433
8|584
263|496
E885|272
571|496
585|198
591|585
518|530
153|250.81
785|518
290|244
585|722
V49|250.8
287|648
788|600
287|496
193|245
492|250.4
786|211
295|787
359|250
296|300
410|53
401|296
287|824
511|196
996|507
V85|41
411|443
799|E912
786|E849
861|276
584|782
787|478
518|300
427|438
518|396
788|493
786|785
492|512
242|627
70|155
380|414
V64|414
427|568
782|E941
305|425
403|727
272|428
496|255
441|250
428|V42
250|654
780|272
276|380
802|285
466|272
289|453
238|250
411|787
250.11|244
276|805
842|807
297|250
427|556
197|250.6
486|250.82
511|530
414|250.5
493|303
276|255
413|337
567|518
491|278
94|782
552|552
E870|401
786|781
162|585
729|278
286|518
252|241
682|250.03
801|518
V54|V45
413|244
112|756
138|745
787|E931
786|625
995|596
250.41|707
484|515
285|727
261|401
250.52|585
251|599
555|E944
201|571
492|780
807|402
250.13|425
404|786
276|196
996|38
250.6|E849
562|272
342|153
786|197
429|250
250.53|V42
276|791
578|491
413|292
560|242
413|511
E931|789
530|300
805|250.6
428|437
578|303
302|780
203|276
250.7|250.51
411|V65
562|280
250.93|730
815|?
721|729
567|305
682|916
280|534
560|289
351|250
307|250.01
304|466
331|781
724|285
250.03|891
511|V15
426|218
250|V08
599|V43
276|557
413|515
205|682
250.02|996
907|309
278|715
250.53|287
599|E878
250.82|577
550|285
792|780
496|405
440|241
440|785
280|112
518|495
250.81|250.6
335|401
38|250.41
250.6|263
707|250.41
560|707
250|791
250.03|411
296|707
715|272
285|718
788|285
852|E825
599|555
300|250.6
435|780
?|780
E980|962
713|707
348|707
453|591
276|379
324|427
872|E888
425|724
680|680
E880|250
574|70
496|444
868|E812
715|E885
576|599
425|693
572|112
250.02|288
426|812
482|491
250.11|250.81
201|584
733|198
998|614
E849|285
425|831
599|564
397|398
191|496
242|250.52
584|250.01
438|595
197|562
491|250.41
578|244
280|272
599|440
250.41|583
250.51|411
733|185
722|738
204|518
780|311
729|V10
94|577
491|511
401|995
250.03|305
780|V85
571|585
138|780
V85|599
493|682
428|303
794|564
428|726
217|610
427|512
997|999
577|157
V70|427
717|401
293|287
576|250.82
942|943
296|428
154|197
294|250.02
785|731
415|304
250.9|656
584|284
535|291
284|414
402|511
755|250
250.4|493
599|434
788|604
286|414
495|428
292|250.2
403|807
909|E878
533|414
707|42
410|607
496|790
130|780
280|456
276|694
494|250.02
V85|412
296|785
284|135
881|919
591|996
784|388
996|286
470|305
484|136
788|560
433|?
402|784
590|403
304|250.01
V10|250.8
250.02|473
711|599
198|112
362|369
944|682
428|250.82
250.9|278
599|576
295|335
496|373
250.81|401
250|V49
38|V09
725|401
730|V85
344|466
255|250.81
335|250
843|727
344|401
564|414
794|250.8
292|276
386|437
578|425
560|42
250.22|584
753|490
789|562
337|250.6
507|996
V42|426
280|621
260|197
661|648
414|252
453|424
565|562
304|738
592|250
781|820
413|466
577|250.6
280|154
291|599
584|368
959|873
397|272
816|41
333|250
429|512
V10|780
318|250
486|433
250.8|681
294|995
427|310
927|250
293|781
205|453
396|416
799|396
821|821
386|414
V45|496
574|403
E878|453
555|578
518|728
584|250.43
260|41
286|719
70|284
584|277
707|E878
433|492
496|717
E880|E849
578|515
401|719
851|250
E927|707
496|345
807|861
646|648
707|287
780|552
70|282
276|716
724|719
648|649
707|138
532|435
250|266
250|E882
293|E900
486|404
530|196
303|E888
995|733
8|272
456|585
301|272
279|244
189|196
788|250.92
599|429
404|496
42|41
41|794
314|313
188|276
413|250.02
53|428
447|411
285|726
38|305
573|577
786|461
250|685
729|782
996|250.42
823|780
70|286
782|250.6
451|250
453|297
664|250
584|730
424|920
276|815
250.13|272
427|238
276|E930
278|625
411|240
784|496
722|721
301|786
284|204
41|427
54|402
866|401
780|348
789|199
438|787
882|250
198|799
V72|427
600|788
823|250.02
634|244
592|340
570|276
343|276
556|496
787|458
617|617
E870|414
578|571
733|250.01
412|V12
250.03|652
594|250
515|70
444|250.81
596|997
997|553
480|276
250.02|995
729|722
443|250.8
571|599
456|280
V45|250.6
368|781
414|723
276|250.53
997|997
295|304
344|907
250.01|V23
998|413
250.13|787
38|V45
41|425
255|682
585|8
998|707
E878|403
357|729
427|369
780|432
426|V42
250.01|674
583|403
758|250
250.11|415
414|788
805|424
997|585
E878|410
285|461
511|933
682|459
728|E932
924|250.7
250.12|486
244|791
53|V07
427|552
496|204
250.4|?
250.01|824
625|343
250|607
577|571
E888|272
276|211
682|356
729|429
250.6|995
402|788
466|V58
285|573
401|410
491|327
493|590
593|E947
261|511
442|786
V12|272
V10|788
332|244
41|493
183|197
250.02|709
E888|414
494|202
569|425
70|714
715|250.6
401|478
8|790
581|401
648|664
501|428
723|719
296|?
403|600
281|890
995|785
507|564
410|250.03
348|253
781|428
578|569
250.93|518
584|70
590|585
591|250.6
963|780
567|568
784|490
560|414
440|518
263|250.6
865|860
715|305
273|244
462|305
738|560
425|V42
250.03|289
730|686
584|722
424|682
E947|250
786|300
214|716
413|250.4
428|211
934|250
493|250.8
153|198
E868|250
812|305
401|348
435|437
802|871
486|402
250.6|278
287|V63
401|368
278|614
196|242
432|491
E849|715
493|V58
787|V58
487|250.02
515|250.01
727|414
535|403
599|V09
411|250.82
422|291
344|596
312|244
813|427
486|8
780|459
434|425
564|305
428|784
607|V58
781|E947
V49|585
698|250
401|333
780|440
198|722
578|780
728|518
250.02|426
780|458
454|250
428|429
707|444
571|535
574|794
410|280
591|183
427|531
784|V12
840|250
413|552
202|515
518|789
573|284
332|285
486|997
366|780
515|783
789|491
584|293
250.01|736
250|277
242|626
599|E947
573|710
790|E932
696|272
451|289
250.01|E928
?|250.02
746|414
E930|465
584|444
789|V42
567|585
V70|276
493|464
427|250.82
276|725
725|250
285|285
250.8|345
276|117
413|736
564|438
905|250.01
536|458
200|250.01
530|250.02
787|V64
427|185
785|410
V09|496
682|693
197|179
466|428
599|250.7
274|715
716|250.6
411|789
730|440
411|416
42|518
599|577
782|368
401|533
403|788
41|591
272|412
596|198
403|250.82
250|522
442|799
881|891
425|294
515|337
394|250.92
428|995
780|784
250.6|491
860|518
337|780
278|724
507|425
572|466
250.92|780
786|V43
482|403
153|496
327|401
968|E855
518|535
250.8|403
998|605
493|349
285|787
301|300
362|366
174|V45
V62|278
344|66
701|478
625|624
250|756
516|410
458|250.42
414|466
845|278
592|711
729|250.01
276|519
300|V43
274|785
285|730
112|112
280|571
844|E885
493|202
292|401
965|?
493|411
276|E933
276|V43
V72|412
295|V64
567|496
433|997
496|197
204|217
681|681
435|784
710|733
131|401
250.81|427
250|333
38|398
290|331
263|574
437|433
E879|272
V58|443
427|197
403|154
786|V49
250.01|307
292|427
437|250.02
432|784
518|553
162|135
516|250.02
997|244
998|555
403|294
998|562
599|204
V45|530
V85|244
V58|569
799|47
707|492
493|340
599|199
780|288
112|558
492|403
787|575
288|585
8|496
135|571
710|281
751|401
250.02|E932
401|416
728|922
286|453
733|253
253|786
349|250.02
427|716
634|250.02
250.41|584
348|780
E880|285
41|338
285|568
707|892
569|599
780|?
275|402
780|162
550|455
280|296
286|286
515|433
261|576
294|397
E932|E849
493|E880
250.01|491
396|530
780|347
680|585
135|536
682|686
601|596
780|907
342|729
453|535
337|722
617|995
493|311
112|710
528|250.01
305|780
576|153
427|595
250.02|307
276|V49
204|250.01
185|197
403|V10
995|572
618|618
123|304
303|197
280|397
780|536
566|569
493|813
300|274
490|784
784|478
196|285
280|412
403|413
531|?
465|414
357|344
295|V54
295|306
250.2|V58
403|V15
512|250.02
780|250.4
V42|780
276|836
428|792
250.01|410
415|599
203|787
491|41
278|789
567|600
598|285
411|V17
585|138
250.01|E933
805|860
428|335
342|276
820|403
403|518
493|250.53
431|396
250.12|528
466|250.5
515|714
585|591
784|461
V54|V58
440|496
305|794
578|291
276|34
38|286
602|596
599|V44
701|278
712|250
511|572
663|V27
847|873
706|278
250.03|714
670|642
402|244
197|V44
345|491
250|524
413|263
646|646
296|303
850|511
250.03|135
996|721
250.02|437
250.8|492
518|303
427|V85
401|564
785|250.8
486|588
789|782
486|342
560|493
410|733
996|V42
396|438
397|416
515|428
250.02|726
153|790
515|53
781|715
E888|836
733|305
250.22|577
553|560
401|250.7
425|211
42|403
288|466
291|311
682|920
682|788
250.83|E888
250.92|V10
280|42
413|560
574|340
790|253
703|285
466|427
493|291
577|V64
413|238
250|348
250.02|277
781|238
V09|401
V85|558
157|588
584|571
531|250
518|287
570|70
340|305
427|565
403|162
E888|396
403|959
997|794
250.8|303
481|491
303|250.02
867|E879
42|250
403|799
287|V42
999|41
287|788
414|782
997|512
414|250.82
212|250
486|519
832|812
327|414
577|280
V58|V45
511|512
203|70
344|599
403|416
197|495
552|285
357|298
518|317
411|413
414|327
403|583
455|250.6
V54|412
284|571
293|593
278|493
250|807
41|564
276|487
402|794
155|707
571|135
416|782
567|707
348|599
135|276
560|536
8|507
453|444
682|728
295|424
824|825
250.01|730
198|331
682|E944
38|41
342|530
300|318
444|681
204|533
784|300
722|429
295|303
276|415
V12|412
599|250.82
70|564
197|576
584|557
41|996
496|94
577|250.53
E884|401
227|250
716|790
574|530
413|V42
571|V49
425|239
70|812
781|310
287|714
584|434
403|331
562|792
41|790
284|707
250.2|495
250.01|53
250.01|E887
E878|599
135|285
482|250.12
492|786
428|722
402|455
738|724
728|786
568|414
404|707
496|250.92
284|V55
E944|428
346|780
531|E878
507|272
682|244
719|438
785|711
295|648
403|531
721|780
185|441
428|V85
276|459
519|799
403|305
276|383
493|455
491|438
578|788
790|682
486|473
41|716
591|70
250.51|401
428|746
198|591
253|692
199|593
E878|785
656|658
805|780
496|461
482|38
789|584
285|E879
424|595
486|434
276|345
V43|E885
250|V64
557|787
250|696
348|295
707|398
145|285
511|413
411|453
564|250.8
250.51|614
599|E879
288|783
585|V63
250.6|413
344|414
41|289
998|280
595|618
998|786
594|716
537|682
250.02|35
591|998
403|368
465|403
38|389
298|780
583|780
V66|413
556|V45
617|218
511|466
989|250
428|260
11|420
348|401
873|V58
784|V15
998|E888
41|453
250.03|293
242|599
435|290
997|E849
482|482
430|401
295|333
E944|458
714|?
788|781
786|607
250.22|204
584|435
550|553
202|334
?|244
402|378
305|532
295|486
198|425
250.82|397
278|250.12
250.03|571
435|446
250.02|V12
733|599
434|714
493|V12
427|311
197|250.01
415|292
42|202
403|442
250.01|582
V85|496
996|552
314|300
493|V10
593|250.8
276|298
714|356
E942|424
590|590
433|599
466|569
250.01|724
428|909
511|275
873|332
569|458
459|443
592|788
759|599
E854|414
E944|401
802|E816
250.03|558
300|496
E917|891
301|278
482|276
591|530
493|726
309|278
238|284
785|332
427|192
263|427
276|205
570|428
733|727
250|704
203|486
998|785
340|812
536|250.6
490|E849
462|319
789|621
516|562
524|250.92
591|493
V42|V44
481|250.02
826|E880
530|729
250.91|655
425|515
799|340
E858|294
799|327
250.02|507
250.02|346
913|924
272|250.5
731|250.7
425|608
397|472
172|403
493|710
301|297
348|E853
E936|225
453|V10
458|402
578|786
535|536
238|799
807|923
790|288
531|562
558|786
336|401
414|250.41
250.03|466
241|272
780|V42
250|625
584|V15
280|411
998|E887
780|E942
196|515
403|250.43
491|396
276|E937
250.92|682
276|480
288|E933
284|198
340|250.6
584|380
707|694
295|458
599|288
562|714
242|413
244|490
403|447
427|112
250.01|368
250.02|465
41|443
287|515
585|294
566|682
958|285
965|787
537|250.01
300|564
41|693
301|296
279|250
250.01|793
485|112
518|295
348|511
812|E849
196|569
995|E942
288|197
519|414
238|238
E930|250
864|250.01
728|465
250|462
276|250.2
492|202
507|197
873|E819
349|276
562|112
576|157
756|276
710|403
569|41
272|250.01
244|E932
530|V15
493|788
424|728
250|E935
V42|580
250.03|278
424|482
578|443
250.6|280
425|569
250.83|285
276|433
482|510
511|458
250.6|447
112|416
585|278
785|840
596|567
682|332
425|153
789|?
493|627
305|54
424|695
584|294
816|882
250.42|728
428|E884
287|263
601|601
780|250.51
278|250.8
266|403
682|V85
592|492
250|709
404|424
727|727
198|157
V42|493
535|E849
250.01|415
578|295
969|?
486|560
415|250.03
154|250.8
788|250.02
510|491
790|414
496|V57
518|8
486|295
250.93|789
295|345
403|304
V50|610
295|41
198|583
786|492
799|427
410|250.6
304|276
250|E816
250.02|446
496|349
781|437
311|414
491|E885
420|135
490|?
294|225
295|280
268|276
402|V10
805|260
411|959
681|682
584|250.11
599|318
820|913
600|724
438|V45
354|250.6
707|741
E878|V10
258|569
780|263
788|492
532|537
535|714
799|?
197|V42
304|428
738|305
251|348
822|428
428|250.23
276|802
511|787
286|401
214|368
E878|331
424|389
276|575
564|780
V62|338
584|492
560|331
250.02|576
250.03|424
424|461
785|443
389|794
724|737
250.22|599
578|599
398|428
566|305
131|278
860|285
V42|511
79|535
250.02|E888
996|745
E884|342
V70|496
794|530
581|492
424|250.8
348|799
347|414
584|456
540|555
401|332
882|41
997|414
285|478
995|590
E885|997
707|511
250.4|276
250|V66
862|338
253|244
357|574
592|998
733|?
584|304
34|414
250.51|596
154|292
425|784
997|453
571|250.02
250.82|E888
396|398
198|250.82
432|V45
530|715
250.01|916
250|601
511|157
427|836
435|?
682|426
427|709
250.92|458
283|250.02
41|604
584|519
250|V63
286|701
278|428
348|V58
V58|250.6
440|581
812|811
994|465
401|V08
572|401
599|595
427|831
682|424
250.12|287
E888|496
562|553
722|V72
591|567
788|412
603|428
493|578
490|427
38|496
789|577
585|784
425|250.03
301|780
404|276
512|458
276|349
136|250
E924|E849
996|790
536|722
E849|584
285|785
427|V14
707|250.82
799|294
335|E932
204|413
287|204
996|78
358|289
571|272
E935|428
V58|593
E938|327
424|429
311|300
205|997
491|307
714|250.4
360|401
453|496
E879|788
E928|185
780|996
V85|327
998|202
54|401
799|491
573|276
304|682
250|343
V16|250
250.6|295
552|574
196|V10
807|414
965|296
250.6|458
424|486
337|458
507|E955
311|428
305|791
599|820
250|V03
789|280
451|250.43
203|199
416|394
596|596
511|250.03
596|455
278|327
491|733
753|573
244|427
303|456
428|327
453|584
892|E906
682|V49
305|250.12
288|465
8|599
427|153
250.01|787
141|401
781|780
396|997
562|455
403|847
997|282
305|577
402|530
780|V72
535|303
276|715
369|?
998|836
250.02|135
151|446
426|V58
333|307
250.01|608
250.42|581
70|280
581|305
789|38
410|41
276|696
824|599
342|907
785|567
491|840
250|V23
250.13|730
E935|197
806|272
345|277
517|571
492|183
304|424
285|820
780|790
289|272
278|V18
428|205
250.43|V46
444|996
496|922
E928|401
785|434
202|511
8|456
250.4|250.5
536|?
250|297
425|8
707|560
496|625
9|414
V85|174
462|714
682|156
826|250.6
E818|278
250.03|300
425|286
153|599
70|599
802|930
787|535
789|794
155|571
518|163
595|278
584|157
280|V13
401|V49
682|228
112|786
276|813
515|280
781|276
616|286
568|V64
586|578
38|263
512|584
518|41
340|250.03
197|438
540|996
793|V16
604|401
276|456
493|250.82
746|424
403|V85
331|710
V85|263
482|786
162|189
996|558
287|572
591|197
792|211
205|250.02
426|824
599|997
150|V55
493|V46
276|V11
428|820
79|287
599|446
276|289
648|345
42|808
599|816
425|998
394|250
305|410
340|263
285|273
278|785
40|403
998|V57
276|991
614|614
996|560
282|198
112|41
607|598
515|V12
584|481
244|V45
553|789
696|491
V85|698
E935|E939
250.02|472
285|275
250.02|969
825|917
599|698
493|41
348|411
413|433
202|881
293|403
780|386
496|820
820|E888
967|E980
790|599
368|305
250.01|892
998|V09
250.81|491
411|294
453|E879
250.03|562
648|657
414|404
305|531
491|331
786|729
428|157
242|V54
285|250.8
496|275
233|614
438|453
824|812
496|783
490|599
491|197
436|997
413|154
825|E819
V45|438
112|577
571|244
428|455
486|280
250.82|491
733|424
436|414
496|560
V49|401
250.9|649
440|426
535|575
135|250.01
518|250.03
250.92|805
413|438
112|250.13
218|614
682|70
722|493
70|411
648|747
253|285
157|427
682|250.11
584|250.5
285|E884
443|290
277|250.01
411|250.81
682|250.42
682|250.5
590|567
V70|V45
425|299
312|462
401|250.53
151|196
196|786
578|273
588|585
790|250.7
V15|311
426|287
E917|E849
453|V58
V10|428
285|V85
707|619
282|414
413|331
575|401
196|188
8|682
279|41
202|593
304|465
492|204
478|707
397|824
512|998
728|438
250|301
787|317
682|294
70|E931
807|E812
E812|E849
518|586
481|250.92
576|562
478|416
998|424
537|250.13
304|781
150|V44
493|280
427|437
507|287
E935|274
451|441
307|305
402|287
320|70
280|807
348|V66
707|611
924|920
568|553
600|V45
599|250.13
493|250.13
496|292
425|289
V45|599
710|272
112|280
250.02|117
574|197
403|309
V42|272
797|307
303|287
295|568
294|70
507|189
712|715
435|244
995|427
414|300
276|204
197|574
427|362
599|426
426|787
578|455
958|282
516|250.01
493|747
250.43|404
490|428
401|583
255|424
496|150
397|733
410|V45
788|V72
786|438
733|996
599|823
436|780
794|426
E950|458
E888|V58
782|786
496|905
574|600
590|600
805|812
786|396
396|403
424|725
805|920
556|599
413|581
711|998
486|250.51
429|729
250.53|815
599|V63
203|593
731|41
995|511
403|288
458|E930
593|478
452|573
496|433
42|573
496|291
300|?
V58|522
560|386
424|458
425|263
94|276
996|412
716|727
850|305
883|250
518|305
456|250.01
411|311
285|710
995|466
440|250.6
413|41
599|412
569|600
362|429
614|621
250.2|276
285|V44
E942|E945
590|601
562|531
415|491
789|278
908|E929
578|286
599|873
250.01|E932
491|205
707|518
616|752
621|614
435|386
682|296
785|151
585|799
516|V66
512|276
171|V12
997|425
626|298
250.03|440
567|V15
715|722
873|924
518|434
571|285
401|331
253|255
403|250.8
865|250
197|402
492|V10
290|414
402|789
287|250.01
820|427
482|599
707|789
250|706
70|348
626|278
287|560
38|584
456|403
284|724
788|263
996|157
41|455
250.92|434
411|342
287|530
493|204
707|735
496|730
573|737
585|397
401|238
298|787
401|682
278|250.1
E880|414
459|427
250.01|486
V15|276
414|V42
496|681
53|414
250.13|577
715|733
343|317
197|592
465|V15
453|425
427|721
821|780
799|780
924|E816
403|553
250.02|536
825|E812
438|344
784|244
481|995
41|278
278|276
320|202
8|?
285|799
788|790
784|344
780|511
710|492
459|402
295|290
202|998
427|627
429|401
536|511
531|492
566|250.83
905|250.8
507|585
620|614
280|E947
396|493
741|719
250.6|397
434|250.4
507|112
V63|785
584|592
401|840
425|V58
250.02|110
V58|527
491|295
250.03|250.83
70|250.6
595|591
428|443
494|493
599|218
403|437
305|250.92
715|424
591|V45
250.02|569
511|562
413|E888
V85|490
151|276
799|287
996|595
553|280
250.83|496
V65|715
998|535
496|340
584|416
250.03|287
394|V42
211|V72
425|303
485|157
196|272
680|250.02
491|466
491|569
413|V15
729|840
434|303
202|135
781|414
250.7|250.41
531|401
557|518
295|575
536|272
295|444
802|427
414|V15
491|V54
788|290
620|620
590|496
840|V64
530|250.92
183|780
358|285
709|345
515|414
280|250.6
724|738
577|786
492|441
682|530
728|250.8
414|285
493|714
496|300
626|617
244|782
571|595
440|599
250.01|440
648|244
813|841
307|250
577|790
342|351
532|250.8
787|496
425|553
250.12|V58
723|787
518|786
428|921
424|433
V23|648
410|242
420|287
426|511
444|453
599|189
198|V45
789|286
428|916
599|737
599|333
284|486
348|867
507|788
295|250.6
250.02|434
585|338
591|396
802|815
414|277
250.01|574
203|428
296|313
427|E849
289|8
440|429
396|290
511|682
707|250.43
396|413
599|E934
564|V12
585|562
287|244
340|162
250.53|424
E858|410
599|298
725|244
410|535
496|727
425|996
250.6|412
812|578
578|436
414|274
296|V12
584|521
434|368
569|300
428|378
933|530
816|E885
681|250.6
296|311
250.1|493
453|151
344|721
255|250.4
276|444
585|595
411|708
250|372
V45|425
578|283
511|716
799|785
E885|424
285|162
287|288
280|413
788|716
599|573
250|698
397|560
436|336
780|287
996|41
250.81|287
812|414
250.92|288
285|327
707|V54
428|331
342|730
427|824
511|535
433|294
599|301
250.8|426
707|698
584|512
426|286
438|250.02
710|244
250|268
426|295
571|998
427|461
373|V08
599|E944
411|V58
V43|280
V57|250
202|41
511|459
276|378
585|413
599|E936
309|V61
998|790
493|135
578|787
873|250.6
211|780
283|401
569|998
250.02|440
707|V44
453|438
185|275
531|425
276|751
492|724
574|424
600|598
431|401
174|197
112|571
250.02|511
698|E942
424|273
920|E812
198|250.01
427|591
70|724
348|518
736|276
998|V42
250|877
851|721
250.01|956
250.01|196
342|429
428|725
296|290
722|714
70|300
V63|780
572|70
560|792
453|820
794|780
295|959
710|425
716|726
252|783
380|238
250.6|250.81
287|287
427|618
780|349
205|486
278|277
360|250.8
585|491
280|261
456|8
428|478
250|661
295|E956
300|V63
788|593
70|386
567|250.43
513|250
278|757
303|V62
V54|496
250.82|518
493|V85
584|E849
250.01|507
156|707
998|569
785|444
280|396
414|437
415|997
280|784
285|357
112|486
276|705
250.5|276
413|250.42
285|789
996|250.7
250|54
41|915
641|648
599|250.9
250.8|438
V72|305
280|785
E928|733
516|429
427|327
414|287
727|285
593|V42
311|907
414|555
263|V63
512|E878
786|490
590|263
410|433
424|290
584|433
989|E905
V45|280
574|280
531|342
402|780
410|277
401|435
482|117
490|571
202|E888
305|491
250.01|653
250.03|405
481|204
301|244
496|V63
295|V15
V42|288
404|396
276|319
512|250.42
305|584
429|414
250.6|537
883|414
707|826
250.81|920
411|V12
305|V12
428|289
873|E884
V85|719
250.02|397
427|455
568|788
E878|427
567|571
295|788
847|E812
78|75
V58|414
E950|300
921|372
303|584
459|428
729|428
805|305
250.01|477
V10|V43
250|665
680|288
711|280
260|428
162|852
780|728
729|433
428|595
560|196
307|414
250|605
294|790
607|733
593|785
788|511
250.6|E812
427|250.3
344|250.53
E932|250
403|723
V63|496
112|34
807|813
480|388
428|238
292|70
250|920
491|250.03
E879|112
595|276
493|998
496|802
250.7|581
155|250
997|38
722|787
515|455
403|235
860|585
736|727
8|263
958|250.6
599|154
682|708
562|562
250.01|V02
647|V25
424|719
585|E885
591|280
573|401
276|E931
585|E888
574|737
411|710
519|571
250|663
531|414
491|493
250.01|396
V15|V45
577|E888
403|410
250.92|272
711|274
135|304
403|595
424|519
577|573
386|473
441|414
805|426
607|V10
998|578
729|427
721|715
453|239
250.6|781
344|318
70|250.4
280|507
202|446
394|433
611|E935
781|788
284|305
402|V58
789|530
250.03|199
573|356
427|250.1
250.01|211
250.02|514
455|558
736|401
